AL_TCDD_Bl_adt_F_logFC	AL_TCDD_Li_adt_F_logFC	BA_BPA10mg_Bl_adt_F_logFC	BA_BPA10mg_Li_adt_F_logFC	BA_BPA10ug_Bl_adt_F_logFC	BA_BPA10ug_Li_adt_F_logFC	BI_PM2.5_Bl_adt_F_logFC	BI_PM2.5_Li_adt_F_logFC	DO_DEHP_Bl_adt_F_logFC	DO_DEHP_Li_adt_F_logFC	DO_Pb_Bl_adt_F_logFC	DO_Pb_Li_adt_F_logFC	MU_PM2.5_Bl_adt_F_logFC	MU_PM2.5_Li_adt_F_logFC	WK_TBT_Bl_adt_F_logFC	WK_TBT_Li_adt_F_logFC	Type
chr18,85697877,85698356	-0.823517579128611	-0.748691621204735	-0.764527176414214	0	-0.611353761801285	0	0	0	0	0	0	0	0.686369184145755	0	0	0	AL_TCDD_F_adt
chrY,90761207,90761575	1.59979600708723	1.01831923561219	0	0	0	0	0	0	0	0	0	0	0	-1.49556312284441	0	-1.20549333603243	AL_TCDD_F_adt
chr10,87552739,87552983	0	0	-0.60335622062225	-0.589830867772941	0	0	0	0	0	0	0	0	0	0	0	0	BA_BPA10mg_F_adt
chr5,123259024,123259287	0	0	-0.932534865761666	-0.639788243658275	0	0	0	0	0	0	0	0	0.788582693222687	0	0	0	BA_BPA10mg_F_adt
chr1,78525278,78525498	0	0	-0.728625156237186	-0.657390411278475	0	0	0	0	0	0	0	0	0	0	0	0	BA_BPA10mg_F_adt
chr3,126402913,126403158	0	0	-0.875613962030684	-0.629035450392374	0	0	0	0	0	0	0	0	0	0	0	0	BA_BPA10mg_F_adt
chr1,193449417,193449923	0	0	-0.722480184052427	0.641652952282852	-1.21590294222349	0.648108357478559	0	0	0	0	0	0	0	0	0	0	BA_BPA10mg_F_adt
chr9,43984463,43984970	0	0	-1.23310967557528	0.77045905095083	-0.605339463759086	0	0	0	0	0	0	0	0	-0.597088281632747	0	0	BA_BPA10mg_F_adt
chr9,92541951,92542893	0	0	-0.768840232950216	0.586940830697797	-0.661997980076689	0	0	0	0	0	0	0	0.751965329348058	0	0	0	BA_BPA10mg_F_adt
chr13,106760162,106760984	0	0	-0.597065773027792	0.653813508475358	0	0	0	0	0	0	0	0	0	0	0	0	BA_BPA10mg_F_adt
chr17,87513716,87514202	0	0	-0.660261310464657	0.595856460251219	0	0	0	0	0	0	0	0	0	0	0	0	BA_BPA10mg_F_adt
chr17,34392172,34392706	0	0	-0.671948184182141	0.623697733938569	0	0	0	0	0	0	0	0	0	0	0	0	BA_BPA10mg_F_adt
chr2,84888743,84888940	0	0	-0.698572420594939	0.588805253593913	0	0	0	0	0	0	0	0	0.761238195014825	0	0	0	BA_BPA10mg_F_adt
chr2,118659982,118660376	0	0	-0.818487067796406	0.865814290834089	0	0	0	0	0	0	0	0	0	0	0	0	BA_BPA10mg_F_adt
chr5,136428309,136428838	0	0	-0.633935325479594	0.660318692968598	0	0.663969310857417	0	0	0	0	0	0	0	0	0	0	BA_BPA10mg_F_adt
chr10,118064790,118065236	0	0	-0.585325266136368	0.792888874487027	-1.17254692615095	0	0	0	0	0	0	0	0	0	0	0	BA_BPA10mg_F_adt
chr3,144401012,144401591	0	0	-0.618321539878055	0.595736919112302	-0.676406224656366	0	0	0	0	0	0	0	0	0	0	0	BA_BPA10mg_F_adt
chr8,14911038,14911946	0	0	-0.822074108482962	0.622537515317062	0	0	0	0	0	0	0	0	0	0	0	0	BA_BPA10mg_F_adt
chr6,54158479,54158675	0	0	-0.798472643416291	0.592806079262009	0	0.618765832251013	0	0	0	0	0	0	0	0	0	0	BA_BPA10mg_F_adt
chr5,134539952,134540297	0	0	-0.701338665091979	0.596585504353049	-0.625750163408985	0	0	0	0	0	0	0	0	0	0	0	BA_BPA10mg_F_adt
chr6,115792221,115792605	0	0	-0.752841576281665	0.855666422237217	0	0	0	0	0	0	0	0	0	0	0	0	BA_BPA10mg_F_adt
chr3,83885127,83885539	0.633072648954427	0	0.72625491963923	0.738451817304925	0	0	0	0	0	0	0	0	-1.44812392814649	0	0	0	BA_BPA10mg_F_adt
chr1,191269554,191269951	0	0	0.80222681703902	0.643245991328332	0.649813657212878	0	0	0	0	0	0	0	-1.48885550226003	0	0	0	BA_BPA10mg_F_adt
chr7,16257874,16258154	0	0	1.05797334333515	0.731977278301504	0.644799015326671	0	0	0	0	0	0	0	-1.61295945142797	0	0	0	BA_BPA10mg_F_adt
chr3,9020246,9020696	0	0	0.9911911769009	0.619110302247782	0	0	0	0	0	0	0	0	-1.54455571906627	0	0	0	BA_BPA10mg_F_adt
chr5,149274833,149275133	0	0	1.00678893166826	0.607053993342037	0.593175804742868	0	0	0	0	0	0	0	-1.2659994749669	0	0.595117270667355	0	BA_BPA10mg_F_adt
chr10,82958229,82958759	0	0	1.08002173539526	1.07353521810659	0	0.69117672254502	0	0	0	0	0	0	-1.16247042047355	0	0	0	BA_BPA10mg_F_adt
chr17,87405601,87405964	0	0	1.09121217742576	0.911387265105585	0.713790737004642	0.593967591579667	0	0	0	0	0	0	-1.15432493712123	0	0	0	BA_BPA10mg_F_adt
chr16,87625108,87625672	0	0	0.756624107360941	0.723746471736467	0.653631204495059	0	0	0	0	0	0	0	-1.22278032025986	0	0	0	BA_BPA10mg_F_adt
chr19,60946684,60947061	0	0	0.679631767867471	0.608894677800416	0	0	0	0	0	0	0	0	0	0	0	0	BA_BPA10mg_F_adt
chr3,8969616,8969877	0	0	0.773715051285663	0.628568905070186	0	0	0	0	0	0	0	0	-0.977756906010231	0	0	0	BA_BPA10mg_F_adt
chr11,69666021,69666428	0	0	0.652099248316375	0.625489937550845	0	0	0	0	0	0	0	0	-1.17937696901255	0	0	0	BA_BPA10mg_F_adt
chr11,70446779,70447007	0	0	0.743570720481812	0.608604980279179	0	0	0	0	0	0	0	0	-0.980099654260402	0	0	0	BA_BPA10mg_F_adt
chr19,9931117,9931654	0	0	1.23598441601165	0.620645164583017	0	0	0	0	0	0	0	0	-1.20768245700417	0	0	0	BA_BPA10mg_F_adt
chr19,21127356,21127790	0	0	1.0681698262897	0.601386800083341	0	0	0	0	0	0	0	0	-0.810014441450943	0	0	0	BA_BPA10mg_F_adt
chr2,75763247,75763677	0	0	0.969475144997792	0.629975815414462	0	0	0	0	0	0	0	0	-1.09042036031903	0	0	0	BA_BPA10mg_F_adt
chr5,124059581,124060040	0	0	0.912712390315614	0.668240977437839	0	0	0	0	0	0	0	0	-0.946369886358343	0	0.596732384298619	0	BA_BPA10mg_F_adt
chr7,31031817,31032175	0	0	0.906137458581593	0.690463999265121	0	0	0	0	0	0	0	0	-1.20864220757893	0	0	0	BA_BPA10mg_F_adt
chr8,35400424,35400754	0	0	0.744010901554159	0.628374005531141	0	0	0	0	0	0	0	0	-0.880101186960451	0	0	0	BA_BPA10mg_F_adt
chr17,84126220,84126511	0	0	0.84813549327723	0.697702799618338	0	0	0	0	0	0	0	0	-1.06890966680108	0	0.742412523053389	0	BA_BPA10mg_F_adt
chr15,101372022,101372316	0	0	1.08929607630617	0.917822434735579	0	0	0	0	0	0	0	0	-1.34494700147313	0	0	0	BA_BPA10mg_F_adt
chr3,90668878,90669325	0	0	1.19303944431057	0.654580291321333	0	0	0	0	0	0	0	0	-1.23903785475505	0	0	0	BA_BPA10mg_F_adt
chr1,89235336,89235694	0	0	0.81721308171468	0.737576024305932	0	0	0	0	0	0	-0.590325985633901	0	-1.10317835358765	0	0	0	BA_BPA10mg_F_adt
chr9,109009678,109009984	0	0	0.665385814557108	0.894616638178174	0	0	0	0	0	0	0	0	-1.44369041518254	0	0	0	BA_BPA10mg_F_adt
chr11,68871794,68872137	0	0	1.00728421686618	0.600453720173402	0	0.609713060142451	0	0	0	0	0	0	-1.72667346313687	-0.591922915939125	0	0	BA_BPA10mg_F_adt
chr13,40968635,40969063	0	0	1.54861577118187	0.643947416044802	0	0	0	0	0	0	0	0	-1.64460696226739	0	0	0	BA_BPA10mg_F_adt
chr6,91488855,91489197	0	0	1.07645510827152	0.717132424166456	0	0	0	0	0	0	0	0	-1.63484236639431	0	0	0	BA_BPA10mg_F_adt
chr2,129413567,129413956	0	0	1.24931159272496	0.629634845755421	0	0	0	0	0	0	0	0	-1.69104290269216	0	0	0	BA_BPA10mg_F_adt
chr2,26474900,26475508	0	0	1.10702855045376	0.5977048852921	0	0	0	0	0	0	0	0	-1.43627118149968	0	0	0	BA_BPA10mg_F_adt
chr11,4232578,4233032	0	0	1.55357828396682	0.592801643535485	0.923562457456775	0	0	0	0	0	0	0	-1.66992671393189	0	0	0	BA_BPA10mg_F_adt
chr17,26533782,26534185	0	0	1.25780693945377	0.591146101775029	0.72978438057287	0	0	0	0	0	0	0	-1.85474576276037	0	0	-0.657652257880255	BA_BPA10mg_F_adt
chr19,40639712,40640275	0	0	1.54471160020253	0.645129283845101	0	0	0	0	0	0	0	0	-1.91123224903707	0	0	0	BA_BPA10mg_F_adt
chr7,43530306,43530779	0	0	1.52262231910254	0.615003467788638	0.630372573671677	0	0	0	0	0	0	0	-1.62076787057658	0	0	0	BA_BPA10mg_F_adt
chr2,168980875,168981237	0	0	0.614258240293629	0.673959457921451	0.805748609580059	0	0	0	0	0	0	0	0	0	0	0	BA_BPA10mg_F_adt
chr17,81536185,81536507	0	0	0.602290077805072	0.626544435559073	0.636090857966755	0.643846866069579	0	0	0	0	0	0	0	0	0	0	BA_BPA10mg_F_adt
chr3,69208747,69208971	0	0	0.821073276713658	0.589803376728924	0	0	0	0	0	0	0	0	0	0	0	0	BA_BPA10mg_F_adt
chr6,125481764,125482320	0	0	0.670830119874975	0.624816926374289	0	0	0	0	0	0	0	0	0	0	0	0	BA_BPA10mg_F_adt
chr13,107607296,107607779	0	0	0.639882341828806	0.700951104224347	0	0	0	0	0	0	0	0	0	0	0	0	BA_BPA10mg_F_adt
chr13,93939331,93939760	0	0	0.676683534346398	0.753915952079547	0	0	0	0	0	0	0	0	0	0	0	0	BA_BPA10mg_F_adt
chr19,32182104,32182443	0	0	0.709176029234434	0.589920829002483	0.729215656230227	0	0	0	0	0	0.6846860882303	0	0	0	0.638458057101709	0	BA_BPA10mg_F_adt
chr12,85532472,85533453	0	0	0.751652800425613	0.687783583240067	0.726788998612908	0	0	0	0	0	0	0	0	0	0.681992969653907	0	BA_BPA10mg_F_adt
chr17,88132603,88133322	0	0	0.722098026519085	0.597574266518251	0	0	0	0	0	0	0	0	0	0	0	0	BA_BPA10mg_F_adt
chr5,138683014,138683385	0	0	0.890020651431148	0.609762847566831	0.818711256779561	0	0	0	0	0	0	0	-0.810505048893367	-0.706286038987276	0	0	BA_BPA10mg_F_adt
chr10,87675083,87675337	0	0	1.16982981016396	0.675573815901062	0.871996427129457	0.641817119029795	0	0	0	0	0	0	-0.704771134503492	-0.689055958512002	0.697371581751699	0	BA_BPA10mg_F_adt
chr8,117055182,117055487	0	0	0.91020708094497	0.692168764481299	0.794390681996292	0.846035613815132	0	0	0	0	0	0	-0.982062721789875	0	0	0	BA_BPA10mg_F_adt
chr12,85541161,85541550	0	0	0.697614376187109	0.701683148746659	0.904431604203833	0.601638659185586	0	0	0	0	0	0	0	-0.716192617901356	0	0	BA_BPA10mg_F_adt
chr8,82374536,82374818	0	0	0.645574741502804	0.661464821992531	1.06925452541787	0.72056610827209	0	0	0	0	0	0	-0.690782072757506	0	0	0	BA_BPA10mg_F_adt
chr11,73024399,73024886	0	0	0.706792404240145	0.611418909965392	0	0.615884856169766	0	0	0	0	0	0	-0.744791249401345	0	0	0	BA_BPA10mg_F_adt
chr1,180393054,180393386	0	0	0.62213304531363	0.607150116545226	0	0	0	0	0	0	0	0	0	0	0	0	BA_BPA10mg_F_adt
chr10,20123432,20123720	0	0	0.700380428627194	0.643508987250271	0	0	0	0	0	0	0	0	-0.885220768803989	0	0	0	BA_BPA10mg_F_adt
chr11,59541354,59541670	0	0	0.7034726933364	0.663752970668751	0	0	0	0	0	0	0	0	-0.750324096934652	0	0	0	BA_BPA10mg_F_adt
chr1,184536361,184536984	0	0	0.709988014157419	0.854837254030311	0	0.595225548740172	0	0	0	0	0	0	0	0	0	0	BA_BPA10mg_F_adt
chr12,52307452,52308047	0	0	0.980008596322138	0.785199781743974	0	0	0	0	0	0	0	0	-0.767063179244528	0	0	0	BA_BPA10mg_F_adt
chr10,25447200,25447534	0	0	0	0	0.637316603098971	0.726881195293083	0	0	0	0	0	0	0	0	0	0	BA_BPA10ug_F_adt
chr14,74841768,74842006	0	0	0	0	0.646404423036179	0.66746983587877	0	0	0	0	0	0	0	0	0	0	BA_BPA10ug_F_adt
chr17,81536185,81536507.1	0	0	0.602290077805072	0.626544435559073	0.636090857966755	0.643846866069579	0	0	0	0	0	0	0	0	0	0	BA_BPA10ug_F_adt
chr1,151620748,151621117	0	0	1.59762239670745	0	0.724325137514928	0.624823014760578	0	0	0	0	0	0	-0.98472932874931	0	0	0	BA_BPA10ug_F_adt
chr4,132617869,132618153	0	0	1.57105790218814	0	0.838256198498044	0.817029865472752	0	0	0	0	0	0	-1.32433748028346	0	0	0	BA_BPA10ug_F_adt
chr17,87405601,87405964.1	0	0	1.09121217742576	0.911387265105585	0.713790737004642	0.593967591579667	0	0	0	0	0	0	-1.15432493712123	0	0	0	BA_BPA10ug_F_adt
chr18,46474765,46475039	0	0	1.17868726610419	0	0.827157972658028	0.61606401192965	0	0	0	0	0	0	-1.66303423590754	0	0	0	BA_BPA10ug_F_adt
chr10,87675083,87675337.1	0	0	1.16982981016396	0.675573815901062	0.871996427129457	0.641817119029795	0	0	0	0	0	0	-0.704771134503492	-0.689055958512002	0.697371581751699	0	BA_BPA10ug_F_adt
chr8,82374536,82374818.1	0	0	0.645574741502804	0.661464821992531	1.06925452541787	0.72056610827209	0	0	0	0	0	0	-0.690782072757506	0	0	0	BA_BPA10ug_F_adt
chr4,8888364,8888697	0	0	0	0.658117801631825	0.840033554441667	0.652728883242188	0	0	0	0	0	0	-0.911864665836965	0	0	0	BA_BPA10ug_F_adt
chr8,117055182,117055487.1	0	0	0.91020708094497	0.692168764481299	0.794390681996292	0.846035613815132	0	0	0	0	0	0	-0.982062721789875	0	0	0	BA_BPA10ug_F_adt
chr11,85003559,85003861	0	0	0.912187155829138	0	0.660542028820048	0.587771480689742	0	0	0	0	0	0	-0.924969852627869	0	0	0	BA_BPA10ug_F_adt
chr7,35064746,35065158	0	0	0.923954345211898	0	0.732608507271535	0.615282494728825	0	0	0	0	0	0	0	0	0.865579995203497	0	BA_BPA10ug_F_adt
chr12,85541161,85541550.1	0	0	0.697614376187109	0.701683148746659	0.904431604203833	0.601638659185586	0	0	0	0	0	0	0	-0.716192617901356	0	0	BA_BPA10ug_F_adt
chr13,107838107,107838523	0	0	0	0	0.695121443867686	0.610780624197474	0	0	0	0	0	0	0	0	0	0	BA_BPA10ug_F_adt
chr13,98997098,98997359	0	0	0.880839586779638	0	0.828546867267971	0.589277888243497	0	0	0	0	0	0	0	0	0	0	BA_BPA10ug_F_adt
chr2,60076829,60077366	0	0	1.05353899281923	0	0.856178929921815	0.762724614402545	0	0	0	0	0	0	-0.73826288130984	0	0	0	BA_BPA10ug_F_adt
chr17,23433272,23433784	0	0	0	-0.665151439713461	-0.724728993657697	-1.04202366445643	0	0	0	0	0	0	0.840362925250139	0.610133342294395	0.762160306539688	0	BA_BPA10ug_F_adt
chr1,26685983,26686613	0	0	0	0	-0.591641836962286	-0.709797209062393	0	0	0	0	0	0	0.856825668439836	0.636915351619547	0	0	BA_BPA10ug_F_adt
chr8,73618984,73619304	0	0	-1.05143059874954	0	-0.901552414688483	-0.606943088271002	0	0	0	0	0	0	0.836472381341076	0	0	0	BA_BPA10ug_F_adt
chr1,193449417,193449923.1	0	0	-0.722480184052427	0.641652952282852	-1.21590294222349	0.648108357478559	0	0	0	0	0	0	0	0	0	0	BA_BPA10ug_F_adt
chr9,95279756,95280340	0	0	0	0.675283360141652	-0.622360293842822	0.72943326019653	0	0	0	0	0	0	0	0	0	0	BA_BPA10ug_F_adt
chr2,60845374,60845657	0	0	0	0	-0.648353616478381	0.850115052067034	0	0	0	0	0	0	-0.85275942427017	0	0	0	BA_BPA10ug_F_adt
chr7,100961212,100961442	0	0	0	0	-0.770981445263421	0.686130516953703	0	0	0	0	0	0	0	0	0.616239251929306	0	BA_BPA10ug_F_adt
chr19,37375715,37376661	0	0	0	0	0	0	-0.649790213428466	-0.675023762497135	0	0	0	0	0	0	0	0	BI_PM2.5_F_adt
chr5,137179590,137180317	0	0	0.928687400660159	0	0	0	0	0	0	0	0	0	-0.735405758347604	0.622808643735415	0	0	MU_PM2.5_F_adt
chr8,46520746,46521001	0	0	0	0	0	0	0	0	0	0	0	0	-0.720291266809903	0.644091837082112	0	-0.690170875086297	MU_PM2.5_F_adt
chr10,95508801,95509145	0	0	-0.845679384564553	0	-0.666534290063318	0	0	0	0	0	0	0	-0.600841620287922	-0.822027184314437	0	0	MU_PM2.5_F_adt
chr17,84061683,84061979	0	0	0	0	-0.79212375444135	0	0	0	0	0	0	0	-1.06449561041872	-0.851533369806565	0	0	MU_PM2.5_F_adt
chr19,53824892,53825371	0	0	0	0	0	0	0	0	0	0	0	0	-0.670127707214189	-0.718206135862937	0	0	MU_PM2.5_F_adt
chr1,165682444,165682771	0	0	0	0	0	0	0	0	0	0	0	0	-0.604067773663571	-0.670270048521106	0	0	MU_PM2.5_F_adt
chr18,70622361,70622809	0	0	0	0	0	0	0	0	0	0	0	0	-0.702237900759052	-0.715616014959426	0	0	MU_PM2.5_F_adt
chr11,55154552,55155414	0	0	0	0	0	0	0	0	0	0	0	0	-0.819731052134908	-0.613882547433657	0	0	MU_PM2.5_F_adt
chr13,55478988,55479447	0	0	0	0	0	0	0	0	0	0	0	0	-0.626121757619945	-0.759375491046867	0	0	MU_PM2.5_F_adt
chr4,149702524,149703063	0	0	0	0	0	0	0	0	0	0	0	0	-0.587241132116492	-0.633369521542661	0	0	MU_PM2.5_F_adt
chr19,40708094,40708538	0	0	0	0	0	0	0	0	0	0	0	0	-0.725132827524805	-0.608141996506981	0	0	MU_PM2.5_F_adt
chr6,87541048,87541498	0	0	0	0	0	0	0	0	0	0	0	0	-0.722814618901949	-0.604079835116101	0	0	MU_PM2.5_F_adt
chr19,4302295,4302589	0	0	0	0.585338172756785	0	0	0	0	0	0	0	0	-0.633875100307551	-0.606881341672512	0	0	MU_PM2.5_F_adt
chr11,120142426,120143087	0	0	0	0	0	0	0	0	0	0	0	0	-0.828885996820172	-0.630881492890703	0	0	MU_PM2.5_F_adt
chr7,19269741,19270028	0	0	0	0	0	0	0	0	0	0	0	0	-0.908130623303069	-0.587156838372837	0	0	MU_PM2.5_F_adt
chr13,60897295,60897807	0	0	0	0	0	0	0	0	0	0	0	0	-0.686982926286022	-0.61569268233577	0	0	MU_PM2.5_F_adt
chr18,65695428,65695691	0	0	0	0	0	0	0	0	0	0	0	0	-0.667000228396531	-0.687782447329672	0	0	MU_PM2.5_F_adt
chr12,3799619,3799970	0	0	0	0	0	0	0	0	0	0	0	0	-0.724791314921308	-0.654625887883328	0	0	MU_PM2.5_F_adt
chr2,166650428,166650799	0	0	0	0	0	0	0	0	0	0	0	0	-0.62734309753381	-0.600586075900622	0	0	MU_PM2.5_F_adt
chr7,123322418,123322801	0	0	0	0	0	0	0	0	0	0	0	0	-0.794988988023252	-0.640362728313579	0	0	MU_PM2.5_F_adt
chr2,167960079,167960298	0	0	0	0	0	0	0	0	0	0	0	0	-0.758429890025391	-0.676834107943482	0	0	MU_PM2.5_F_adt
chr5,149235077,149235428	0	0	0	0	0	0	0	0	0	0	0	0	-0.679659932738422	-0.630897749165525	0	0	MU_PM2.5_F_adt
chr9,27109482,27109876	0	0	0	0	0	0	0	0	0	0	0	0	-1.16924779136147	-0.635575691117832	0	0	MU_PM2.5_F_adt
chr7,132802172,132802407	0	0	0	0.686161476229279	0	0	0	0	0	0	0	0	-0.736418323884521	-0.630545460856621	0	0	MU_PM2.5_F_adt
chr7,16207475,16207880	0.956198079101064	0	0	0	0	0	0	0	0	0	0	0	-0.975115756208416	-0.725330038008027	0	0	MU_PM2.5_F_adt
chr2,31052487,31052819	0.873738518873578	0	0.813941903146434	0	0	0	0	0	0	0	0	0	-1.23466689496635	-0.589446426892312	0.592964437531085	0	MU_PM2.5_F_adt
chr19,44899212,44899756	0	0	0	0.650046014045482	0	0	0	0	0	0	0	0	-1.39804920149547	-0.719572524627684	0	0	MU_PM2.5_F_adt
chr19,25138077,25138818	0	0	0.682581131335332	0	0	0	0	0	0	0	0	0	-1.46608035821994	-0.693905150270278	0	0	MU_PM2.5_F_adt
chr4,132563854,132564322	0	0	0.617528368426907	0	0	0	0	0	0	0	0	0	-1.31030797603984	-0.667441321451505	0	0	MU_PM2.5_F_adt
chr12,8521275,8521858	0	0	0	0	0	0	0	0	0	0	0	0	-1.27353224444792	-0.589826767449832	0	0	MU_PM2.5_F_adt
chr18,37999397,37999745	0	0	0	0.588386526456078	0	0	0	0	0	0	0	0	-1.52773816967828	-0.598769050310576	0	0	MU_PM2.5_F_adt
chr10,87675083,87675337.2	0	0	1.16982981016396	0.675573815901062	0.871996427129457	0.641817119029795	0	0	0	0	0	0	-0.704771134503492	-0.689055958512002	0.697371581751699	0	MU_PM2.5_F_adt
chr5,138683014,138683385.1	0	0	0.890020651431148	0.609762847566831	0.818711256779561	0	0	0	0	0	0	0	-0.810505048893367	-0.706286038987276	0	0	MU_PM2.5_F_adt
chr19,17275844,17276327	0	0	0.67322365825635	0	0.628746108366421	0	0	0	0	0	0	0	-1.26984100625837	-0.868149865279921	0	0	MU_PM2.5_F_adt
chr13,100183159,100183472	0	0	0	0	0	0	0	0	0	0	0	0	-0.985797629255339	-0.585524455359117	0	0	MU_PM2.5_F_adt
chr9,109914293,109914583	0	0	0.780243491581956	0	0	0	0	0	0	0	0	0	-1.1430203243015	-0.605520307648294	0	0	MU_PM2.5_F_adt
chr14,31166085,31166551	0	0	1.30496824158675	0	0.688054171439234	0	0	0	0	0	0	0	-1.15371159776377	-0.590377341889767	0	0	MU_PM2.5_F_adt
chr9,66886844,66887156	0	0	1.18471348898108	0	0	0	0	0	0	0	0	0	-1.04614169677961	-0.61352417795809	0	0	MU_PM2.5_F_adt
chr11,117991758,117992095	0	0	0.910893972631774	0	0	0	0	0	0	0	0	0	-1.45921594169684	-0.612681149998896	0	0	MU_PM2.5_F_adt
chr11,71251342,71251767	0	0	1.21840338275239	0	0.6244574869464	0	0	0	0	0	0	0	-1.25516440617462	-0.694517667231617	0	0	MU_PM2.5_F_adt
chr11,68871794,68872137.1	0	0	1.00728421686618	0.600453720173402	0	0.609713060142451	0	0	0	0	0	0	-1.72667346313687	-0.591922915939125	0	0	MU_PM2.5_F_adt
chr2,102944040,102944443	0	0	0.943350395802748	0	0.601804532163499	0	0	0	0	0	0	0	-1.28117206903447	-0.744974346340173	0	0	MU_PM2.5_F_adt
chr8,121792133,121792545	0	0	0.970784786187062	0	0	0	0	0	0	0	0	0	-1.51648512069079	-0.589271971923376	0	0	MU_PM2.5_F_adt
chr6,123123132,123123548	0	0	0.862025048239126	0	0	0	0	0	0	0	0	0	-0.619150698454895	-0.591922160411899	0.685949051124052	0	MU_PM2.5_F_adt
chr11,77442573,77443073	0	0	0	0	0	0	0	0	0	0	0	0	-0.757791442927297	-0.621974320362409	0.70832169363815	0	MU_PM2.5_F_adt
chr5,100656277,100656757	0	0	0	0	0	0	0	0	0	0	0	0	-0.732463872995802	-0.645145872727933	0	0	MU_PM2.5_F_adt
chr1,159186828,159187257	0	0	0.859040544849499	0	0	0	0	0	0	0	0	0	-0.9472691137454	-0.722708120476634	0	0	MU_PM2.5_F_adt
chr14,73122555,73123078	0	0	0	0	0	0	0	0	0	0	0	0	-0.949806656891963	-0.602731958011904	0	-0.58827497688582	MU_PM2.5_F_adt
chr10,59265693,59265988	0	0	0.643970889868092	0	0.698146859469986	0	0	0	0	0	0	0	-0.716638365266265	-0.617666074588579	0	0	MU_PM2.5_F_adt
chr6,82763912,82764539	0	0	0	0	0	0	0	0	0	0	0	0	-0.768504990162981	-0.589570915075341	0	0	MU_PM2.5_F_adt
chr12,31996862,31997229	0	0	0	0	0	0	0	0	0	0	0	0	-0.942647791062305	-0.647312132264737	0	0	MU_PM2.5_F_adt
chr11,117109578,117109975	0	0	0	0	0	0	0	0	0	0	0	0	-0.964916892828676	-0.619530508563489	0	0	MU_PM2.5_F_adt
chr1,155050193,155050646	0	0	0	0	0	0	0	0	0	0	0	0	-0.987940872271914	-0.613118364266037	0	0	MU_PM2.5_F_adt
chr13,105310614,105310955	0	0	0.87154332362353	0	0	0	0	0	0	0	0	0	-0.874444024687836	-0.742839410561753	0	0	MU_PM2.5_F_adt
chr19,18582951,18583224	0	0	0	0	0	0	0	0	0	0	0	0	-0.784698177029842	-0.761700238232319	0	0	MU_PM2.5_F_adt
chr7,28442735,28443077	0	0	0.659623566177541	0	0	0	0	0	0	0	0	0	-0.773228604740156	-0.831503177291583	0	0	MU_PM2.5_F_adt
chr9,40581783,40582281	0	0	0	0	0	0	0	0	0	0	0	0	-0.589159734639414	-0.915210235333363	0	0	MU_PM2.5_F_adt
chr15,59728908,59729185	0	0	0.923165346285341	0	0	0	0	0	0	0	0	0	-0.824432949600779	-0.621856058360765	0	0	MU_PM2.5_F_adt
chr13,41467165,41467451	0	0	0.720992454622359	0	0	0	0	0	0	0	0	0	-0.610159551983082	-0.642837365679211	0	0	MU_PM2.5_F_adt
chr9,21167697,21167965	0	0	0	0	0	0	0	0	0	0	0	0	-0.70353748506413	-0.759381222434232	0	0	MU_PM2.5_F_adt
chr10,21890309,21890687	0	0	0	0	0	0	0	0	0	0	0	0	-1.05656576195886	-0.663336228535756	0.648033332489858	-0.632997097344243	MU_PM2.5_F_adt
chr15,66746403,66746796	0	0	0	0	0	0	0	0	0	0	0	0	-1.47022790651154	-0.594343972000831	0.992345300308729	-0.646349778832526	MU_PM2.5_F_adt
chr11,59526644,59527005	0	0	0	0.717589397441983	0	0.676371314571779	0	0	0	0	0	0	-0.708059144857138	-0.658274375733508	0	0	MU_PM2.5_F_adt
chr5,113672441,113672798	0	0	0	0.62030911678657	0	0.714144030021182	0	0	0	0	0	0	-0.700318729442514	-0.612049382370745	0	0	MU_PM2.5_F_adt
chr2,73463641,73464135	0	0	0	0	0	0	0	0	0	0	0	0	-0.805207272236283	-0.620004765000479	0	0	MU_PM2.5_F_adt
chr5,140617696,140618283	0	0	0	0	0	0	0	0	0	0	0	0	-0.759685538392147	-0.603749795285048	0	0	MU_PM2.5_F_adt
chr5,145116395,145116703	0	0	0	0.658682773551299	0	0	0	0	0	0	0	0	-0.714240192238794	-0.687297401970337	0	0	MU_PM2.5_F_adt
chr8,120563750,120564504	0	0	0	0	0	0	0	0	0	0	0	0	-0.777432022694207	-0.702345510275987	0	0	MU_PM2.5_F_adt
chr9,61702335,61702944	0	0	0	0	0	0	0	0	0	0	0	0	-0.68406313815826	-0.597873533308807	0	0	MU_PM2.5_F_adt
chr15,78572634,78572987	0	0	0	0	0	0	0	0	0	0	0	0	-0.601849220088665	-0.598867664524285	0	0	MU_PM2.5_F_adt
chr16,95827458,95827770	0	0	0	0	0	0	0	0	0	0	0	0	-0.663745570511087	-0.642755036161042	0	0	MU_PM2.5_F_adt
chr16,87688901,87689539	0	0	0	0	0	0	0	0	0	0	0	0	-0.681605990888316	-0.615344693580549	0	0	MU_PM2.5_F_adt
chr6,125367692,125368119	0	0	0	0	0	0	0	0	0	0	0	0	-0.657960678013848	-0.746946143621192	0	0	MU_PM2.5_F_adt
chr15,81021414,81021892	0	0	0	0	0	0.640558298272705	0	0	0	0	0	0	-1.03584746028362	-0.625608547969797	0	0	MU_PM2.5_F_adt
chr5,113776895,113777203	0	0	0	0	0	0.616945391798987	0	0	0	0	0	0	-0.770625290298832	-0.818006162495188	0	0	MU_PM2.5_F_adt
chr5,125358121,125358607	0	0	0	0	0	0	0	0	0	0	0	0	-0.811565708247194	-0.626176379202395	0	0	MU_PM2.5_F_adt
chr15,6601354,6601675	0	0	0	0	0	0	0	0	0	0	0	0	-0.865018248742785	-0.650236698487649	0	0	MU_PM2.5_F_adt
chr19,5929645,5930529	0	0	0	0	0	0	0	0	0	0	0	0	-0.679622328724242	-0.591326305734466	0	0	MU_PM2.5_F_adt
chr2,73475578,73475970	0	0	0	0	0	0	0	0	0	0	0	0	-0.774526245041255	-0.599709743543541	0.598400368695018	0	MU_PM2.5_F_adt
chr16,31290313,31290666	0	0	0	0	0	0	0	0	0	0	0	0	-0.988165084289523	-0.735903123931882	0	0	MU_PM2.5_F_adt
chr15,100673841,100674350	0	0	0	0	0	0	0	0	0	0	0	0	-0.940120103394137	-0.616150344677934	0	0	MU_PM2.5_F_adt
chr5,34695461,34695813	0	0	0	0	0	0	0	0	0	0	0	0	-1.04772782385902	-0.720969800647954	0	0	MU_PM2.5_F_adt
chr8,92853179,92853478	0	0	0	0	0	0	0	0	0	0	0	0	-1.01686792514267	-0.68697772788561	0	0	MU_PM2.5_F_adt
chr8,72008283,72008740	0	0	0	0	0	0	0	0	0	0	0	0	-0.61880697078274	-0.674135011523353	0	0	MU_PM2.5_F_adt
chr19,4294357,4294980	0	0	0	0	0	0	0	0	0	0	0	0	-0.601483406837484	-0.717883567888168	0	0	MU_PM2.5_F_adt
chr5,140642114,140642421	0	0	0	0	0	0	0	0	0	0	0	0	-0.797569272539965	-0.659646605479332	0	0	MU_PM2.5_F_adt
chr11,115133838,115134212	0	0	0	0	0	0	0	0	0	0	0	0	-1.01652643112458	-0.660828583026482	0	-0.655639821795367	MU_PM2.5_F_adt
chr11,119375418,119375778	0	0	0	0	0	0	0	0	0	0	0	0	-0.9271423021584	-0.686823248907484	0	-0.640323588716339	MU_PM2.5_F_adt
chr16,89848585,89848994	0	0	0	0	0	0	0	0	0	0	0	0	-0.834628556187593	-0.68295201790853	0	0	MU_PM2.5_F_adt
chr7,43544314,43544909	0	0	0	0	0	0	0	0	0	0	0	0	-1.40583934361422	-0.668024616645448	0	0	MU_PM2.5_F_adt
chr17,33563610,33564065	0	0	0	0	0	0	0	0	0	0	0	0	-1.22490336625575	-0.699271153534482	0	0	MU_PM2.5_F_adt
chr6,50252731,50253095	0	0	0	0	0	0	0	0	0	0	0	0	-0.944864488290324	-0.598202895532301	0	0	MU_PM2.5_F_adt
chr11,96765528,96766016	0	0	0	0	0	0	0	0	0	0	0	0	-1.0508303502065	-0.642319377708766	0	0	MU_PM2.5_F_adt
chr17,47225336,47225925	0	0	0.717284682741808	0	0	0	0	0	0	0	0	0	-1.00701017393601	-0.680747000097401	0	0	MU_PM2.5_F_adt
chr3,9884896,9885335	0	0	0	0	0	0	0	0	0	0	0	0	-0.717327593771451	-0.665872187004913	0	0	MU_PM2.5_F_adt
chr8,80325224,80325602	0	0	0	0	0	0	0	0	0	0	0	0	-1.00160805883457	-0.62795692648241	0.696360696208281	0	MU_PM2.5_F_adt
chr1,171849452,171849876	0	0	0	0	0	0	0	0	0	0	0	0	-0.92725409163057	-0.711181086003178	0	0	MU_PM2.5_F_adt
chr9,21527890,21528261	0	0	0.606087389540036	0	0	0	0	0	0	0	0	0	-1.21686287376895	-0.696341186040789	0	0	MU_PM2.5_F_adt
chrY,90740075,90740579	0	0	-0.740220594243476	0	0	0	0	0	0	0	0	0	0.780785102518148	-0.918348251918547	0	0	MU_PM2.5_F_adt
chr11,18957772,18958042	0	0	0	0	0	0	0	0	0	0	0	0	0.758303975206117	-0.592216100061209	0	0	MU_PM2.5_F_adt
chr18,80312836,80313292	0	0	0	0	0	0	0	0	0	0	0	0	0.635459830935103	-0.636869535583455	0	0	MU_PM2.5_F_adt
chr1,9857617,9857865	0	0	0	0	0	0	0	0	0	0	0	0	0.660277692241221	-0.681250566395614	0	0	MU_PM2.5_F_adt
chr11,103142410,103142838	0	0	0	0	0	0	0	0	0	0	0	0	0.606117338532246	-0.688933245878112	0	0	MU_PM2.5_F_adt
chr13,102698696,102699024	0	0	0	0	0	0	0	0	0	0	0	0	0.629869989835352	-0.60132928678098	0	0	MU_PM2.5_F_adt
chr5,107148160,107148666	0	0	0	0	0	0	0	0	0	0	0	0	0.630792116664131	-0.609291738711561	0	0	MU_PM2.5_F_adt
chr9,118662461,118662915	0	0	0	0	0	0	0	0	0	0	0	0	0.588775779376447	-0.660718924710201	0	0	MU_PM2.5_F_adt
chr2,14165621,14166068	0	0	0	0.650190362243506	0	0	0	0	0	0	0	0	0.74840036366327	-0.610499967518717	0	0	MU_PM2.5_F_adt
chr8,85380680,85381343	0	0	0	0.674131728268852	0	0	0	0	0	0	0	0	0.791978838398609	-0.728418841405427	0	0	MU_PM2.5_F_adt
chr10,60931875,60932393	0	0	0	0.627785497502774	0	0	0	0	0	0	0	0	0.713036038668246	-0.633870484370025	0	0	MU_PM2.5_F_adt
chr10,94931927,94932531	0	0	0	0.661562237988866	0	0	0	0	0	0	0	0	1.1186006209841	-0.613992925958438	0	0	MU_PM2.5_F_adt
chr1,189727379,189728579	0	0	-0.604629980599296	0	0	0	0	0	0	0	0	0	0.727123686528372	-0.61292333977273	0	0	MU_PM2.5_F_adt
chr2,131204507,131205044	0	0	0	0	0	0	0	0	0	0	0	0	0.623668630697372	-0.690145083958319	0	0	MU_PM2.5_F_adt
chr3,90446315,90447097	0	0	0	0	0	0	0	0	0	0	0	0	0.716784131631853	-0.693821379326952	0	0	MU_PM2.5_F_adt
chr11,6011852,6012431	0	0	0	0	0	0	0	0	0	0	0	0	1.01591978815653	1.13070616439228	0	0	MU_PM2.5_F_adt
chr11,6012773,6013648	0	0	0	0	0	0	0	0	0	0	0	0	0.964722842103091	1.10194348536579	0	0	MU_PM2.5_F_adt
chr11,5912752,5913358	0	0	0	0	0.644855837134369	0	0	0	0	0	0	0	0.723546628322733	0.620863501391722	0	0	MU_PM2.5_F_adt
chr12,8840856,8841212	0	0	0	0	0	0	0	0	0	0	0	0	0.593996042586345	0.597835912760754	0	0	MU_PM2.5_F_adt
chr9,65312509,65313439	0	1.12233648577109	0	0	0	0	0.678427830183407	0	0	0	0	0	0.597165570302085	0.777149456937562	0	-0.699303863433581	MU_PM2.5_F_adt
chr4,3067712,3068100	0	0	-0.986683670432316	0	-0.944008213716242	0	0	0	0	0	0	0	0.981002188441478	0.675525175110778	0	0	MU_PM2.5_F_adt
chr2,3050070,3050461	0	0	-0.673070888043544	0	-0.654898521577226	0	0	0	0	0	0	0	1.04498341082531	0.621682837856925	0	0	MU_PM2.5_F_adt
chr4,3236249,3236680	0	0	0	0	0	0	0	0	0	0	0	0	0.828731352455425	0.619162563916325	0	0	MU_PM2.5_F_adt
chr13,119613201,119613846	0	0	0	0	0	0	0	0	0	0	0	0	0.645529662157865	0.591728242177172	0	0	MU_PM2.5_F_adt
chr4,147436733,147437422	0	0	0	0	0	-0.586976031626255	0	0	0	0	0	0	0.614261851665635	0.782526247880673	0	0	MU_PM2.5_F_adt
chr18,82161642,82162162	0	0	0	0	-0.630185952077532	0	0	0	0	0	0	0	0.865293381595459	0.861682687951619	0	0	MU_PM2.5_F_adt
chr17,13590307,13591602	0	0	0	0	0	0	0	0	-0.586625452336104	0	0	0	0.845696544909813	0.620176688335682	0	0	MU_PM2.5_F_adt
chr4,147421863,147422430	0	0	0	0	0	0	0	0	0	0	0	0	0.619756202531097	0.804528626429833	0	0	MU_PM2.5_F_adt
chr4,146455326,146455758	0	0	0	-0.585145332205171	0	0	0	0	0	0	0	0	0.77733080323381	0.59135704398511	0	0	MU_PM2.5_F_adt
chr8,71131726,71132068	0	0	-0.626907052087328	0	0	0	0	0	0	0	0	0	0.896792550616989	0.651753760877715	0	0	MU_PM2.5_F_adt
chr19,58245905,58246266	0	0	0	0	0	0	0	0	0	0	0	0	0.897002507481229	0.707252119199994	0	0	MU_PM2.5_F_adt
chr4,3068963,3069235	0	0	0	0	0	0	0	0	0	0	0	0	0.866849513573079	0.714281742235748	0	0	MU_PM2.5_F_adt
chr1,26685983,26686613.1	0	0	0	0	-0.591641836962286	-0.709797209062393	0	0	0	0	0	0	0.856825668439836	0.636915351619547	0	0	MU_PM2.5_F_adt
chr17,23329036,23329651	0	0	0	0	0	0	0	0	0	0	0	0	0.648590097372326	0.631429731662127	0	0	MU_PM2.5_F_adt
chr8,128481922,128482231	0	0	0	0	0	0	0	0	0	0	0	0	0.671506048134705	0.591936620020889	0	0	MU_PM2.5_F_adt
chr2,3964425,3964689	0	0	0	0	0	0	0	0	0	0	0	0	0.760579458324623	0.751868617136806	0	0	MU_PM2.5_F_adt
chr4,147398710,147399120	0	0	-0.612802390859544	0	0	0	0	0	0	0	0	0	0.706606091579153	0.638620029430466	0	0	MU_PM2.5_F_adt
chr12,105436070,105436290	0	0	0	0	0	0	0	0	0	0	0	0	0.72823467057869	0.611854097543106	0	0	MU_PM2.5_F_adt
chr7,84358548,84358862	0	0	0	0	0	0	0	0	0	0	0	0	0.836440464207126	0.59624793887213	0	0	MU_PM2.5_F_adt
chrX,140998058,140998719	0	0	0	0	0	0	0	0	0	0	0	0	0.786570575025951	0.600941097528006	0	0	MU_PM2.5_F_adt
chr4,3069332,3069709	0	0	0	0	0	0	0	0	0	0	0	0	1.05013813076754	0.678885186849637	0	0	MU_PM2.5_F_adt
chr4,147335731,147336209	0	0	0	0	0	0	0	0	0	0	0	0	0.903031239135579	0.773758755283269	0	0	MU_PM2.5_F_adt
chr4,3050032,3050640	0	0	0	0	0	0	0	0	0	0	0	0	1.21800660679394	0.649090005868277	0	0	MU_PM2.5_F_adt
chr8,71130539,71131194	0	0	0	0	0	0	0	0	0	0	0	0	0.815710388431511	0.824645385465573	0	0	MU_PM2.5_F_adt
chr18,82170402,82170879	0	0	0	0	0	-0.643012722413379	0	0	0	0	0	0	0.849037735122146	0.91632175163118	0	0	MU_PM2.5_F_adt
chr4,147336761,147337179	0	0	0	0	0	0	0	0	0	0	0	0	0.669855471489803	0.734010698155864	0	0	MU_PM2.5_F_adt
chr11,109986362,109986805	0	0	0	0	0	0	0	0	0	0	0	0	0.772161261991969	0.739470170323298	0	0	MU_PM2.5_F_adt
chr4,147430753,147431182	0	0	0	0	0	0	0	0	0	0	0	0	0.822244771617543	0.64286666683849	0	0	MU_PM2.5_F_adt
chr16,3232682,3232965	0	0	0	0	0	0	0	0	0	0	0	0	0.939176523375847	0.620700268882918	0	0	MU_PM2.5_F_adt
chrX,135053782,135054468	0	0	0	0	0	0	0	0	0	0	0	0	0.953664420257003	0.696867895446983	0	0	MU_PM2.5_F_adt
chr11,88967853,88968878	0	0	0	0	0	0	0	0	0	0	0	0	0.945015366495275	0.635449920690006	0	0	MU_PM2.5_F_adt
chr16,3231552,3231960	0	0	-0.59871184615183	0	0	0	0	0	0	0	0	0	0.854434373006132	0.655398562762542	0	0	MU_PM2.5_F_adt
chr16,3234029,3234713	0	0	0	0	0	-0.648729399721897	0	0	0	0	0	0	0.976183633961414	0.711104486853113	0	0	MU_PM2.5_F_adt
chr17,23433272,23433784.1	0	0	0	-0.665151439713461	-0.724728993657697	-1.04202366445643	0	0	0	0	0	0	0.840362925250139	0.610133342294395	0.762160306539688	0	MU_PM2.5_F_adt
chrX,31158721,31159226	0	0	0	0	0	-0.626935277816496	0.593792541712377	0	0	0	0	0	0.763785800585745	0.771869455392699	0	0.704239027759169	MU_PM2.5_F_adt
chr4,146444407,146444897	0	0	0	0	0	0	0	0	0	0	0	0	0.604374641234739	0.593419769145402	0	0	MU_PM2.5_F_adt
chr9,31079688,31080151	0	0	0	0	0	0	0	0	0	0	0	0	0.607536491040497	0.608041589523227	0	0	MU_PM2.5_F_adt
chr7,141016821,141017255	0	0	1.56183002570754	0	1.12447778720017	0	0	0	0	0	0	0	-0.698760096965317	0	0.667275188916188	-0.808134605031692	WK_TBT_F_adt
chr15,79413855,79414097	0	0	0	0	0	0	0	0	0	0	0	0	-1.12296404314081	0	0.644643184777771	-0.633592406449799	WK_TBT_F_adt
chr17,17867142,17867460	0	0	0	0	0	0	0	0	0	0	0	0	0	0	0.727695352914779	-0.587841860000141	WK_TBT_F_adt
chr8,120102902,120103154	0	0	0	0	0	0	0	0	0	0	0	0	-1.05619200438939	0	0.877152740354475	-0.657013065461126	WK_TBT_F_adt
chr2,50690153,50690553	0	0	0	0	0	0	0	0	0	0	0	0	0	-0.690783035765403	0.94663645448935	-0.596749953070893	WK_TBT_F_adt
chr9,66907877,66908325	0	0	0	0	0	0	0.668028852254938	0	0	0	0	0	-0.804785816489638	0	0.987220064876053	-0.63142288073737	WK_TBT_F_adt
chr1,54798474,54798768	0	0	0	0	0	0	0	0	0	0	0	0	-0.750508181231793	0	0.629561230217825	-0.697667782685929	WK_TBT_F_adt
chr9,59537802,59538071	0	0	0	0	0	0	0	0	0	0	0	0	-0.966597753861537	0	0.603950826167307	-0.587102501821124	WK_TBT_F_adt
chr14,45667248,45667645	0	0	0	0	0	0	0	0	0	0	0	0	0	-0.639181353362869	0.673685231280476	-0.616942166479656	WK_TBT_F_adt
chr10,21890309,21890687.1	0	0	0	0	0	0	0	0	0	0	0	0	-1.05656576195886	-0.663336228535756	0.648033332489858	-0.632997097344243	WK_TBT_F_adt
chr9,88705257,88705591	0	0	0	0	0	0	0	0	0	0	0	0	0	0	0.615172522270569	-0.736805239589161	WK_TBT_F_adt
chr1,174031733,174031985	0	0	0	0	0	0	0	0	0	0	0	0	0	0	1.05432218877698	-0.776576796608947	WK_TBT_F_adt
chr15,66746403,66746796.1	0	0	0	0	0	0	0	0	0	0	0	0	-1.47022790651154	-0.594343972000831	0.992345300308729	-0.646349778832526	WK_TBT_F_adt
chr2,36244757,36245090	0	0	0	0	0	0	0	0	0	0	0	0	0	0	0.974524093290321	-0.600916180138753	WK_TBT_F_adt
chr15,91172158,91172526	0	0	0	0	0	0	0	0	0	0	0	0	0	0	0.596179673467708	-0.702606401252643	WK_TBT_F_adt
chr6,97829212,97829650	0	0	0	0	0	0	0	0	0	0	0	0	0	0	0.684526415862723	-0.636624229926141	WK_TBT_F_adt
chr2,131086720,131086954	0	0	0	0	0	0.589731324504422	0	0	0	0	0	0	0	0	0.633195690369546	-0.652709550071452	WK_TBT_F_adt
chr7,97026868,97027261	0	0	0	0	0	0	0	0	0	0	0	0	0	0	0.622457203315763	-0.638337787350951	WK_TBT_F_adt
chr11,70374385,70374662	0	0	0	0	0.68874651819215	0	0	0	0	0	0	0	0	0	0.653149771558292	-0.74597648794035	WK_TBT_F_adt
chr2,45236207,45236569	0	0	0	0	0	0	0	0	0	0	0	0	0	0	0.587553145258341	-0.855424423403855	WK_TBT_F_adt
chr6,145765030,145765362	0	0	0	0	0	0	0	0	0	0	0	0	0	0	0.842480382297122	-0.602638054648992	WK_TBT_F_adt
chr10,19548084,19548328	0	0	0	0	0	0	0	0	0	0	0	0	0	0	0.622083955568407	-0.671141766908549	WK_TBT_F_adt
chr6,137386394,137386669	0	0	0	0	0	0	0	0	0	0	0	0	0	0	0.664921097627672	-0.697948376939229	WK_TBT_F_adt
chr3,116162056,116162578	0	0	0	0	0	0	0	0	0	0	0	0	0	0	0.658038930114156	-0.680595499026473	WK_TBT_F_adt
chr6,115321426,115321719	0	0	0	0	0	0	0	0	0	0	0	0	0	0	0.664226140124885	-0.720468124556134	WK_TBT_F_adt
chr13,107810457,107811048	0	0	0	0	0	0	0	0	0	0	0	0	0	0	0.64574034502118	-0.653862109050305	WK_TBT_F_adt
chr19,34570015,34570423	0	0	0	0.633235201672493	0	0	0	0	0	0	0	0	0	0	0.60277678780739	-0.738030888786305	WK_TBT_F_adt
chr11,50038622,50039142	0	0	0	0	0	0	0	0	0	0	0	0	0	0	0.61084050992293	-0.593397470820915	WK_TBT_F_adt
chr11,85697555,85697843	0	0	0	0	0	0	0	0	0	0	0	0	0	0	0.796886365774991	-0.751019277397477	WK_TBT_F_adt
chr5,146819312,146819713	0	0	0	0	0	0	0	0	0	0	0	0	0	0	0.70623906098116	-0.67793893069392	WK_TBT_F_adt
chr7,133047363,133047612	0	0	0	0	0	0	0	0	0	0	0	0	0	0	0.691727551242642	-0.6775197077165	WK_TBT_F_adt
chr8,25447987,25448262	0	0	0	0	0	0	0	0	0	0	0	0	0	0	0.630092274393441	-0.68594192036868	WK_TBT_F_adt
chr11,5512181,5512651	0	0	0	0	0	0	0	0	0	0	0	0	0	0	0.585282612808274	-0.677389702077909	WK_TBT_F_adt
chr7,141057073,141057325	0	0	0	0	0	0	0	0	0	0	0	0	0	0	0.684092722072454	-0.682811991489691	WK_TBT_F_adt
chr5,135909533,135909843	0	0	0	0	0	0	0	0	0	0	0	0	0	0	0.71505943630458	-0.769590666245537	WK_TBT_F_adt
chr7,97375978,97376225	0	0	0	0	0	0	0	0	0	0	0	0	0	0	0.758539014122797	-0.871172458099168	WK_TBT_F_adt
chr7,19461618,19461815	0	0	0	0	0	0	0	0	0	0	0	0	0	0	0.587276962865781	-0.718168663565564	WK_TBT_F_adt
chr16,50760003,50760297	0	0	0	0	0	0	0	0	0	0	0	0	0	0	0.614749218239842	-0.777998029328291	WK_TBT_F_adt
chr19,32950297,32950559	0	0	0	0	0	0	0	0	0	0	0	0	0	0	0.623459069467904	-0.795261751365706	WK_TBT_F_adt
chr13,112076171,112076437	0	0	0	0	0	0.636371151427417	0	0	0	0	0	0	0	0	0.658590775671221	0.585317939490635	WK_TBT_F_adt
chr3,37073280,37073530	0	0	0	0	0	0	0	0	0	0	0	0	0	0	0.84577354535663	0.687714459627482	WK_TBT_F_adt
chr10,69248349,69249034	0	0	0	0	0	0	0	0	0	0	0	0	0	0	-0.615097065450511	-0.632796151215229	WK_TBT_F_adt
chr5,36399025,36399293	0	0	-0.871538689220128	0	0	0	0	0	0	0	0	0	0	0	-0.678848412959508	0.603546249420334	WK_TBT_F_adt
chr8,113664630,113664890	0	0	0	0	0	0	0	0	0	0	0	0	0	0	-0.650508462268737	0.760441986000447	WK_TBT_F_adt
