AL_TCDD_Bl_adt_M_logFC	AL_TCDD_Li_adt_M_logFC	BA_BPA10mg_Bl_adt_M_logFC	BA_BPA10mg_Li_adt_M_logFC	BA_BPA10ug_Bl_adt_M_logFC	BA_BPA10ug_Li_adt_M_logFC	BI_PM2.5_Bl_adt_M_logFC	BI_PM2.5_Li_adt_M_logFC	DO_DEHP_Bl_adt_M_logFC	DO_DEHP_Li_adt_M_logFC	DO_Pb_Bl_adt_M_logFC	DO_Pb_Li_adt_M_logFC	MU_PM2.5_Bl_adt_M_logFC	MU_PM2.5_Li_adt_M_logFC	WK_TBT_Bl_adt_M_logFC	WK_TBT_Li_adt_M_logFC
chrY,90761207,90761575	1.19695399519273	1.327951979853	0	0	0	0	0	0	0	0	0	0	0	0	0	0
chrX,169972842,169973571	0.84856988080039	0.954981726032767	0	0	0	0	0	-0.811975160988077	0	0	0	0	0	0	0	0
chrY,90808747,90808944	0.588166522855005	0.675521030061261	0	0	0	0	0	0	0	0	0	0	0	0	0	0
chr19,16084108,16084630	0	0	-1.48348818772228	-0.989501501026478	0	-0.939587388398638	-0.899438681081074	0	0	0	0	0	0	0	0	0
chr3,109254974,109255351	0	0	-1.32699607672068	-0.958645914073295	0	-0.765585149528053	0	0	0	0	0	0	0	0	0	0
chr11,110165886,110166307	0	0	-0.924633659573744	-0.737332112944263	0	-0.811036274696885	0	0	0	0	0	0	0	0	0	0
chr7,100431159,100431453	0	0	-0.981990280281727	-0.923704863876707	0	-0.752558555486863	0	0	0	0	0	0	0	0	0	0
chr4,142081777,142082044	0	0	-1.19015257806533	-0.642580762385324	0	-0.604038282886092	0	0	0	0	0	0	0	0	0	0
chr8,75086097,75086372	0	0	-0.999663470032704	-0.825861819648279	0	-0.867289943356786	0	0	0	0	0	0	0	0	0	0
chr3,105046830,105047267	0	0	-1.09966655065986	-0.796882899204693	-0.676453526736703	-0.765163129208753	-0.81343159702665	0	0	0	0	0	0	0	0	0
chr4,100548006,100548262	0	0	-1.16117727764829	-0.761479773548061	-0.867401012025339	0	0	0	0	0	0	0	0	0	0	0
chr13,112365873,112366125	0	0	-0.931992418163517	-1.03208582717853	-0.79604933742207	-0.738308880205587	0	0	0	0	0	0	0	0	0	0
chr2,145821994,145822346	0	0	-1.18227523839648	-0.743192157708255	-0.874015662627607	-0.792348784747217	0	0	0	0	0	0	0	0	0	0
chr3,149464647,149465006	0	0	-0.610021389839088	-0.727618702299302	0	-1.32573221833484	-1.03141218233201	0	0	0	0	0	0	0	0	0
chr11,63046450,63046792	0	0	-0.965585246164849	-1.04903111861012	0	-0.819759995899396	-0.813147506888583	0	0	0	0	0	0	0	0	0
chr17,23966996,23967464	0	0	-0.927719220690018	-0.728207685780307	0	-0.699901974415169	-0.586609345455263	0	0	0	0	0.601538195025611	0	0	0	0
chr5,53402770,53403146	0	0	-0.737596769924165	-0.704396833506656	-0.609813528882437	-0.968795638913423	-0.727275874163325	0	0	0	0	0	0	0	0	0
chr19,41321194,41321574	0	0	-0.811328012355029	-0.862183716856618	0	-0.675900187510599	-0.944616391744773	0	0	0	0	0	0	0	0	0
chr11,119377360,119377719	0	0	-0.803602173048784	-0.658029038034355	0	-0.794028765945806	-0.816645356603639	0	0	0	0	0	0	0	0	0
chr15,67116691,67117078	0	0	-0.773750332018605	-0.739015320372156	0	-0.622709032252588	-0.647646646286904	0	0	0	0	0	0	0	0	0
chr9,21715308,21715631	0	0	-0.838909410721904	-0.647422363333139	0	-0.696217031772388	-0.608338659970902	0	0	0	0	0	0	0	0	0
chr8,46792724,46792980	0	0	-0.728880254483848	-0.592310266494177	0	0	-0.907761214721764	0	0	0	0	0	0	0	0	0
chr1,58727054,58727394	0	0	-0.60751249723166	-0.746341462320078	0	-0.816242669016579	-0.608135853217739	0	0	0	0	0	0	0	0	0
chr5,99214506,99214896	0	0	-0.867507339336836	-0.663096323723331	-0.613433250940231	-0.676921624416487	-0.677946006449168	0	0	0	0	0	0	0	0	0
chr6,141069948,141070224	0	0	-1.15732801535474	-0.670311972762408	0	0	-0.773673423579407	0	0	0	0	0	0	0	0	0
chr1,105787023,105787318	0	0	-0.964113092220037	-0.598584889731667	0	-0.847453799515179	-1.05395651122952	0	0	0	0	0	0	0	0	0
chr16,95839024,95839368	0	0	-0.848331380579364	-0.597925816909784	0	-0.684558141434233	0	0	0	0	0	0	0	0	0	0
chr9,47733802,47734500	0	0	-0.638765070253325	-0.646059787881875	0	-0.781244494222614	0	0	0	0	0	0	0	0	0	0
chr8,113656160,113656504	0	0	-0.691663883341111	-0.693940831457983	0	-0.698326825067139	0	0	0	0	0	0	0	0	0	0
chr4,8853948,8854461	0	0	-0.602307741109878	-0.697993724538368	0	0	0	0	0	0	0	0	0	0	0	0
chr13,99337471,99337935	0	0	-0.717694805744083	-0.711921149481646	0	-0.817870838993899	0	0	0	0	0	0	0	0	0	0
chr6,125367692,125368119	0	0	-0.685011846638858	-0.733889635753916	0	-0.788381865037794	0	0	0	0	0	0	0	0	0	0
chr11,114890097,114890582	0	0	-0.719144176677223	-0.870251209385656	0	-0.74608160969346	0	0	0	0	0	0	0	0	0	0
chr3,27218644,27218945	0	0	-0.763203176951	-0.827361986093119	0	-0.893793210897163	0	0	0	0	0	0	0	0	0	0
chr11,71285231,71285530	0	0	-0.750420761959098	-0.766478832406286	0	0	-0.727253184847563	0	0	0	0	0	0	0	0	0
chr4,122892190,122892513	0	0	-0.609803941086784	-0.774522148968823	0	-0.803410475004807	0	0	0	0	0	0	0	0	0	0
chr12,91719132,91719451	0	0	-0.738647265031553	-0.958701416585468	0	0	-0.901755067136722	0	0	0	0	0	0	0	0	0
chr5,102033358,102033603	0	0	-0.84475950927463	-0.877551971906963	0	-0.668278238472029	-0.815349842895757	0	0	0	0	0	0	0	0	0
chr11,119925218,119925570	0	0	-0.616973501394019	-1.01230619936598	-0.59363926467701	-1.01498747086878	-0.916480780626504	0	0	0	0	0	0	0	0	0
chr2,129380573,129381331	0	0	-0.667410799808058	-1.04217104471126	0	-0.809666995744797	-0.770825328958449	0	0	0	0	0	0	0	0	0
chr10,84338775,84339102	0	0	-0.678162180702425	-0.917249169790637	0	-0.816203827868522	-0.782065095282473	0	0	0	0	0	0	0	0	0
chr1,180250090,180250392	0	0	-0.705305175920956	-0.868732231255776	0	-0.910664559145281	0	0	0	0	0	0	0	0	0	0
chr10,37195064,37195356	0	0	-0.724464214309968	-0.833754865703207	0	0	0	0	0	0	0	0	0	0	0	0
chr10,37191952,37192582	0	0	-0.623488216152931	-0.821320957406497	0	-0.758535844278418	0	0	0	0	0	0	0	0	0	-0.930845021900499
chr14,72581062,72581407	0	0	-0.593687153977916	-0.815865547994214	0	-0.728921080469407	0	0	0	0	0	0	0	0	0	0
chr10,44691598,44692202	0	0	-0.716264793957469	-0.750286832195304	0	-0.74465932320433	0	0	0	0	0	0	0	0	0	0
chr9,32475012,32475351	0	0	-0.612742114180542	-0.701626217290134	0	-0.845450747199628	0	0	0	0	0	0	0	0	0	0
chr1,182504303,182504511	0	0	-0.588590145837952	-0.880148105576457	0	-0.759430374905039	0	0	0	0	0	0	0	0	0	0
chr12,111007672,111008074	0	0	-0.704849793575093	-1.03967997664111	0	0	0	0	0	0	0	0	0	0	0	0
chr9,111046242,111046568	0	0	-0.613754401979763	-0.901813312441545	0	-0.844490740701338	0	0	0	0	0	0	0	0	0	0
chr17,80112682,80113229	0	0	-0.707839632062291	-0.678902000337238	0	0	0	0	0	0	0	0	0	0	0	0
chr12,8519514,8519759	0	0	-0.722816289912256	-0.714628776291179	0	0	0	0	0	0	0	0	0	0	0	0
chr5,9015400,9015736	0	0	-0.683967701771798	-0.915887284701769	-0.657782019700734	-0.72014728179236	0	0	0	0	0	0	0	0	0	0
chr7,16002235,16002597	0	0	-0.909771197715721	-0.610111378123465	0	-0.653200741680977	0	0	0	0	0	0	0	0	0	0
chr9,35050018,35050423	0	0	-0.849298262525993	-0.822599313396196	0	-0.658866055878131	0	0	0	0	0	0	0	0	0	0
chr5,88981585,88982058	0	0	-0.696177676616457	-0.75444434798463	0	-0.881930074428197	0	0	0	0	0	0	0	0	0	0
chr9,106308612,106308917	0	0	-0.602813931041498	-0.609582596742208	0	-0.771795843933004	0	0	0	0	0	0	0	0	0	0
chr16,43448521,43448886	0	0	-0.791336556842671	-0.674225770298792	0	-0.819476703186845	0	0	0	0	0	0	0	0	0	0
chr5,113872986,113873270	0	0	-0.640346245990286	-0.792769513536659	0	-0.80845587684551	0	0	0	0	0	0	0	0	0	0
chr2,145812790,145813312	0	0	-0.783389352438018	-0.788290372464904	0	-1.04219514821598	0	0	0	0	0	0	0	0	0	0
chr2,75763247,75763677	0	0	-0.655805219163758	-0.835633546279568	0	-0.827540774962398	0	0	0	0	0	0	0	0	0	0
chr8,84207839,84208120	0	0	-0.587522957650022	-0.835643525722539	0	-0.893857607684706	0	0	0	0	0	0	0	0	0	0
chr4,145270150,145270509	0	0	-0.788288050439775	-0.969364874120186	0	-0.931441218453692	0	0	0	0	0	0	0	0	0	0
chr10,98880136,98880435	0	0	-0.720789556978402	-0.827289694236177	0	-0.979008710592606	0	0	0	0	0	0	0	0	0	0
chr17,47225336,47225925	0	0	-0.672080728093474	-0.775753908617384	0	-0.957068708996999	0	0	0	0	0	0	0	0	0	0
chr1,64301445,64302030	0	0	-0.689224459613406	-0.65543363315321	0	-0.798112476438432	0	0	0	0	0	0	0	0	0	0
chr17,70832587,70832940	0	0	-0.824715209273592	-0.670473512193536	0	-0.724438599843307	0	0	0	0	0	0	0	0	0	0
chr9,27109482,27109876	0	0	-0.780662667290696	-0.960612588984604	0	-0.966528955450424	0	0	0	0	0	0	0	0	0	0
chr2,128364261,128364545	0	0	-0.610090695578491	-0.812086085106275	0	-0.764157945624794	0	0	0	0	0	0	0	0	0	0
chr11,86577259,86577553	0	0	-0.628402993825056	-0.754600246721511	0	-0.701360621364937	0	0	0	0	0	0	0	0	0	0
chr13,12411989,12412512	0	0	-0.894709485794399	-0.854688314709817	0	-0.830912055819924	0	0	0	0	0	0	0	0	0	0
chr13,113423887,113424147	0	0	-0.642548951133206	-0.825994869269167	0	-0.928536641254328	0	0	0	0	0	0	0	0	0	0
chr10,99467282,99467921	0	0	-0.816307162288968	-0.908721629951025	0	-0.850734328931244	0	0	0	0	0	0	0	0	0	0
chr14,102835195,102835715	0	0	-1.00651598091473	-0.920929774322099	0	-0.916910130603157	0	0	0	0	0	0	0	0	0	0
chr16,21289673,21289964	0	0	-0.673006483138765	-0.608874172520771	0	-0.805613268838264	0	0	0	0	0	0	0	0	0	0
chr2,165332669,165333060	0	0	-0.606908734987357	-0.851723226568796	0	-1.2488373780142	0	0	0	0	0	0	0	0	0	0
chr14,61309628,61309929	0	0	-0.858060550330739	-0.804278722295932	0	-0.775979461640523	0	0	0	0	0	0	0	0	0	0
chr8,115618423,115618692	0	0	-0.676779099928457	-0.676453427676779	0	-0.76731051230479	0	0	0	0	0	0	0	0	0	0
chr1,170795815,170796174	0	0	-0.654193050366416	-0.65706329520881	0	-0.645054853069565	0	0	0	0	0	0	0	0	0	0
chr13,49196871,49197173	0	0	-0.622566956458704	-0.648349326424972	0	0	0	0	0	0	0	0	0	0	0	0
chr17,48263767,48264356	0	0	-0.898147721124908	-0.923905145472765	0	-0.784092035483972	0	0	0	0	0	0	0	0	0	0
chr17,87246791,87247291	0	0	-0.827841428820075	-0.884712486048032	0	-0.676421477154061	0	0	0	0	0	0	0	0	0	0
chr18,46458229,46458634	0	0	-0.782428375531566	-0.751486252518883	0	-0.655169503187044	0	0	0	0	0	0	0	0	0	0
chr5,17854576,17854943	0	0	-0.985712600304279	-0.602349506540032	0	0	0	0	0	0	0	0	0	0	0	0
chr14,40919546,40919870	0	0	-0.72273450942924	-0.69350515159907	0	-0.610503180323721	0	0	0	0	0	0	0	0	0	0
chr5,115535741,115535987	0	0	-0.945141018119254	-0.739897294171669	0	0	0	0	0	0	0	0	0	0	0	0
chr15,27709122,27709553	0	0	-0.596991832738019	-0.728297370656559	0	-0.734071271522785	0	0	0	0	0	0	0	0	0	0
chr3,69560012,69560286	0	0	-0.69111888511352	-0.839551461494808	0	-0.746482169143695	0	0	0	0	0	0	0	0	0	0
chr13,100247011,100247450	0	0	-0.615071084631151	-0.742801542777165	0	-0.828291226383067	0	0	0	0	0	0	0	0	0	0
chr3,55652198,55652766	0	0	-0.692978094882738	-0.660004623971479	0	-0.810183755711097	0	-0.74172939942447	0	0	0	0	0	0	0	0
chr14,32785777,32786087	0	0	-0.602721265115508	-0.587610650098729	0	-0.968927524551918	0	0	0	0	0	0	0	0	0	0
chr15,103310456,103310779	0	0	-0.622319459695815	-0.643583509274937	0	-0.763041073101216	0	0	0	0	0	0	0	0	0	0
chr4,63151024,63151310	0	0	-1.21757791542902	-0.708413690362067	0	0	0	0	0	0	0	0	0	0	-0.840507661616744	0
chr5,32192089,32192621	0	0	-0.936395226070235	-0.88498128966337	0	0	-1.17671243399011	0	0	0	0	0	0	0	-0.852678547658496	0
chr9,70812632,70812923	0	0	-1.01716062344893	-0.624043810412905	0	0	-1.24781687391605	0	0	0	0	0	0	0	0	0
chr7,43533024,43533362	0	0	-0.738291364048597	-0.672666463333428	0	0	-1.57248843302762	0	0	0	0	0	0	0	0	0
chr11,114907612,114908036	0	0	-0.649517573515168	-0.686197239603415	0	-0.657975161569531	-1.23214110523261	0	0	0	0	0	0	0	0	0
chr3,83885127,83885539	0	0	-0.748980922928001	-0.622892519339298	0	-0.719701955616244	-1.45310154995509	0	0	0	0	0	0	0	0	0
chr5,90881665,90882067	0	0	-0.648027170266121	-0.740882845417209	0	0	-1.81022435813109	0	0	0	0	0	0	0	-0.59592400095273	-0.679531054452641
chr2,90542646,90543043	0	0	-0.603017743534971	-0.626263679296535	0	0	-1.23585281116373	0	0	0	0	0	0	0	0	-0.682232430518296
chr1,171558799,171559318	0	0	-0.769716878038572	-0.59721442491389	0	0	-1.18902022622922	0	0	0	0	0	0	0	0	-0.93380338989627
chr6,125445316,125445742	0	0	-0.778003723388938	-0.667082854526912	0	0	-0.957012209085932	0	0	0	0	0	0	0	0	-0.744947012658301
chr18,62224769,62225261	0	0	-0.702580558265327	-0.659072661787218	0	-0.914700450563585	-1.02526416157746	0	0	0	0	0	0	0	0	0
chr5,21131956,21132265	0	0	-0.764048592914097	-0.911188749790507	0	-0.706945678120191	-1.25395635349689	0	0	0	0	0	0	0	0	0
chr9,14835380,14835713	0	0	-0.856215378725685	-0.727577438403467	0	-0.608836736684104	-1.02651911238713	0	0	0	0	0	0	0	0	0
chr11,4232578,4233032	0	0	-0.811331019017513	-0.741383502092815	0	-0.611686563870817	-1.21463904997387	0	0	0	0	0	0	0	0	0
chr7,116446756,116447030	0	0	-0.721613109185454	-0.620044272201	0	-0.83506480474059	-0.951793552651359	0	0	0	0	0	0	0	0	0
chr4,6335648,6335935	0	0	-1.20935000791275	-0.641377343571781	0	-0.823678964769964	-0.969448098011268	0	0	0	0	0	0	0	0	0
chr7,16254271,16254676	0	0	-0.933383496696973	-0.906715173244663	0	-0.962174602007452	0	0	0	0	0	0	0	0	0	0
chr13,113486498,113486826	0	0	-1.05721529188553	-0.767570977106344	0	-0.731926163055195	-0.997103494287643	0	0	0	0	0	0	0	-0.608877431031078	0
chr8,104333862,104334444	0	0	-1.11808962983496	-0.799108102186477	0	-0.684622220364923	0	0	0	0	0	0	0	0	0	0
chr2,156850506,156850910	0	0	-0.960361778496334	-0.678390528245909	0	-0.593383731724443	-1.28330135460885	0	0	0	0	0	0	0	-0.633986107440123	0
chr2,72366570,72366877	0	0	-0.878553653963248	-0.636789960416665	0	-0.807016526492186	-1.23520438570838	0	0	0	0	0	0	0	0	0
chr14,70395054,70395423	0	0	-1.02655731446569	-0.618568507787972	0	0	-1.41325433330521	0	0	0	0	0	0	0	0	0
chr3,94587970,94588337	0	0	-1.09259149050945	-0.607745908370895	0	-0.93110921773233	-1.4405547126397	0	0	0	0	0	0	0	0	0
chr9,105458971,105459358	0	0	-0.764980306637859	-0.670784939401943	0	-0.717864757302742	-1.41998780304296	0	0	0	0	0	0	0	0	0
chr11,74648012,74648266	0	0	-0.993196227402474	-0.745005066695428	0	-0.847520146320152	-1.17524147034027	0	0	0	0	0	0	0	0	0
chr1,134420145,134420483	0	0	-0.794125516117769	-0.770840709977552	0	-0.867953750117084	-1.29090250033036	0	0	0	0	0	0	0	0	0
chr14,31392868,31393184	0	0	-0.716045135628441	-0.828534881425514	0	-0.898171748540472	-1.38614325593899	0	0	0	0	0	0	0	0	0
chr15,78607561,78607947	0	0	-0.7001533346617	-0.789165672323986	0	-0.733511213436274	-1.18798713766625	0	0	0	0	0	0	0	0	0
chr18,53266387,53266690	0	0	-0.715054096922944	-0.847692360859589	0	-1.18293601139679	-1.09924275395183	0	0	0	0	0	0	0	0	0
chr19,21127356,21127790	0	0	-0.842845454497376	-1.00754239014981	0	-1.14247566168873	-1.05992486380994	0	0	0	0	0	0	0	0	0
chr13,52636200,52636638	0	0	-0.660091804098276	-1.02137148914049	0	-1.1050355203	-1.22020626936154	0	0	0	0	0	0	0	0	0
chr11,59542425,59542793	0	0	-0.826025239802411	-1.08405886832485	0	-0.948850315518523	-1.20838584446997	0	0	0	0	0	0	0	0	0
chr9,56108204,56108522	0	0	-0.67267899686069	-0.952676286633309	0	-0.840950510205595	-1.17997817250043	0	0	0	0	0	0	0	0	0
chr19,25138077,25138818	0	0	-0.762952916216176	-0.858017149807734	0	-0.861825928017372	-1.55880258785753	0	0	0	0	0	0	0	-0.621406006550814	0
chr17,26533782,26534185	0	0	-0.787280664671032	-0.729554593493719	0	-1.00647216566044	-1.4598778085644	0	0	0	0	0	0	0	0	0
chr17,48247457,48247894	0	0	-0.74990187510052	-0.746556600898586	0	0	-1.46583396428452	0	0	0	0	0	0	0	0	0
chr13,113485538,113485884	0	0	-0.621637740123707	-0.671204854471389	0	-1.06740009502982	-1.40563418245437	0	0	0	0	0	0	0	0	0
chr4,149155721,149156155	0	0	-0.602884439257438	-0.611178046330293	0	-0.808668614096006	-1.53054001727793	0	0	0	0	0	0	0	0	0
chr1,92972029,92972639	0	0	-0.765402537923416	-0.847733145757753	0	-0.643489962548017	-1.41444157147536	0	0	0	0	0	0	0	0	0
chr2,38483196,38483717	0	0	-0.834135509945829	-0.902531951845545	0	-0.659179655188651	-1.19483709966433	0	0	0	0	0	0	0	0	0
chr12,80046622,80046970	0	0	-0.598995913785076	-0.856415970659942	0	-0.734674028363713	-1.345659857237	0	0	0	0	0	0	0	0	0
chr3,9020246,9020696	0	0	-0.639641232887009	-1.10119953465677	0	-0.817676127102383	-1.39513591605779	0	0	0	0	0	0	0	0	0
chr5,137828737,137829075	0	0	-1.09891128420659	-1.14225619293802	0	-1.13295503961093	-1.69672529286979	0	0	0	0	0	0	0	0	0
chr14,103007751,103008196	0	0	-0.632349154361413	-0.775375654634874	0	-0.851864818771427	-1.34949749394214	0	0	0	0	0	0	-0.735157760098155	0	0
chr16,85152478,85152856	-0.721601111292542	0	-0.661926070916631	-0.739091583208019	0	-0.845123802058835	-1.23293978426598	0	0	0	0	0	0	0	0	0
chr11,115189382,115189600	0	0	-0.725824675239352	-1.02893869376587	0	-0.689032155007696	-1.77461443511302	0	0	0	0	0	0	0	-0.590763488885176	0
chr13,40968635,40969063	0	0	-0.88728650316482	-0.998073920787058	0	-0.792156646261321	-1.53953444686752	0	0	0	0	0	0	0	0	0
chr9,44551178,44551508	0	0	-0.908021999330083	-0.947622372974003	0	0	-1.63818924937473	0	0	0	0	0	0	0	0	0
chr16,91398112,91398498	0	0	-0.684183835082368	-0.803573256215787	0	-0.987385140464538	-1.4077038406446	0	0	0	0	0	0	0	-0.608727811785766	-0.62001509094633
chr2,46370934,46371374	0	0	-0.734141866001668	-1.06849171089359	0	-1.23666119653428	-1.40842399220548	0	0	0	0	0	0	0	0	-0.692682788589827
chr6,39278336,39278733	0	0	-0.861186847980213	-1.04910611040916	0	-0.908895846229025	-1.07788622071891	0	0	0	0	0	-0.614014286731439	0	0	-0.637197848287685
chr3,88618201,88618432	0	0	-0.880022100519751	-0.821598508462098	0	-0.644903658907798	-1.21146837074645	0	0	0	0	0	0	0	0	-0.716508976977337
chr5,113945211,113945540	0	0	-0.711192936791838	-0.743398900437878	0	-0.616379512860592	-1.14112078227338	0	0	0	0	0	0	0	0	0
chr6,97820479,97820984	0	0	-0.903620075614612	-0.868759671666539	0	-0.87065058900897	-1.14354339275802	0	0	0	0	0	0	0	0	0
chr13,9878526,9879062	0	0.730051106992351	-0.763301112110549	-0.70613278163434	0	-1.1898437720428	-1.06158180207945	0	0	0	0	0	0	0	0	0
chr5,113644499,113644811	0	0	-0.685784574665952	-0.718481314580167	0	-1.08296801476009	-0.730482946950689	0	0	0	0	0	0	0	0	0
chr13,110903092,110903600	0	0	-0.721307390315916	-0.946019514155202	0	-0.957160407796375	-0.662680912618134	0	0	0	0	0	0	0	0	0
chr7,16244113,16244410	0	0	-0.751046368569347	-0.719510251076453	0	-0.809438932204646	-0.687364044822941	0	0	0	0	0	0	0	0	0
chr11,120041653,120042217	0	0	-0.605195867996502	-0.952998829106473	0	-1.22608061946812	-0.801089972370315	0	0	0	0	0	0	0	0	0
chr15,84235659,84236029	0	0	-0.590937891662467	-1.00855814255909	0	-0.957806381381008	-0.783348078845781	0	0	0	0	0	0	0	0	0
chr7,142397990,142398554	0	0	-0.767715631283899	-0.949209847416626	0	-1.00277255362876	-0.72897512126986	0	0	0	0	0	0	0	0	0
chr15,75856859,75857708	0	0	-0.664918961020389	-0.695702445279516	0	-0.988650426168966	-0.738864745670639	0	0	0	0	0	0	0	0	0
chr14,102827835,102828242	0	0	-0.646249869592643	-0.58629631766937	0	-0.923331253010219	-0.663873221023469	0	0	0	0	0	0	0	0	0
chr9,42128016,42128368	0	0	-0.619793985344976	-0.74565056265012	0	-1.00545819915729	-0.845439243954363	0	0	0	0	0	0	0	0	0
chr11,71251342,71251767	0	0	-0.654094623279214	-0.871088769891663	0	-1.18430430480655	-0.72241326368525	0	0	0	0	0	0	0	0	0
chr9,40581783,40582281	0	0	-0.683835838046823	-0.882665193194039	0	-1.18663158269668	-0.792433065422857	0	0	0	0	0	0	0	0	0
chr2,129360114,129360509	0	0	-0.664457188865741	-0.777547320295945	0	0	-0.861888476165064	0	0	0	0	0	0	0	0	0
chr5,138683014,138683385	0	0	-0.923738207480976	-0.785185523682913	0.782858903741063	0	0	0	0	0	0	0	0	0	0	0
chr19,40637577,40637974	-0.626824447388987	0	-0.618515328671994	-0.820480012763439	0	-0.736428972682132	-1.18462564456118	0	0	0	0	0	0	0	0	0
chr5,43185543,43185841	0	0	-0.700054555116512	-0.67601031305521	0	0	0	0	0	0	0	0	0	0	0	0
chr19,6297659,6298008	0	0	-0.660054130182277	-0.725510260564705	0	-0.672078661355136	-1.39806033911713	0	0	0	0	0	0	0	0	0
chr2,178414201,178415047	0	0	-0.726215638701582	-0.638747797082212	0	0	-1.2650945310388	0	0	0	0	0	0	0	0	0
chr15,66816502,66816806	0	0	-0.744266084641209	-0.645209705077856	0	-0.879172456641587	-1.00564629010062	0	0	0	0	0	0	0	0	0
chr11,115004053,115004578	0	0	-0.667516778288779	-0.807367174714261	0	-0.827331124279513	-1.1315010594365	0	0	0	0	0	0	0	0	0
chr7,140998969,140999673	0	0	-0.726245517907274	-0.85188454015458	0	-0.91714921217587	-1.14468752145964	0	0	0	0	0	0	0	0	0
chr16,91354602,91354931	0	0	-0.611231264546767	-0.696166551475439	0	-0.620459902047891	-0.994616084380765	0	0	0	0	0	0	0	0	0
chr19,10694000,10694275	0	0	-0.71974078534651	-0.8783332620917	0	-0.707328188034816	-0.991885467370798	0	0	0	0	0	0	0	0	0
chr9,90274575,90274840	0	0	-0.758529767129439	-0.891624517930577	0	-0.785766552042138	-1.12553378626887	0	0	0	0	0	0	0	0	0
chr5,139405048,139405377	0	0	-0.58801603988759	-0.749229794692261	0	-0.667318069748275	-1.20978756133235	0	0	0	0	0	0	0	0	0
chr13,9873405,9873802	0	0	-0.68565187133278	-0.703884095143729	0	-0.96793196274971	-1.11548211410122	0	0	0	0	0	0	0	0	0
chr4,132494416,132494915	0	0	-0.605229228225348	-0.747488062264975	0	-0.798174569923211	-1.0537446151725	0	0	0	0	0	0	0	0	0
chr2,167815184,167815496	0	0	-0.982915880935724	-0.842745195318986	0	-0.907502544436217	-0.930622534699335	0	0	0	0	0	0	0	0	0
chr5,33009745,33010134	0	0	-1.05167113581603	-0.832537238870539	0	-0.791434477121056	-1.04343294245147	0	0	0	0	0	0	0	0	0
chr8,120112661,120112919	0	0	-0.946627541619899	-0.892376580807071	0	-0.884382219578009	-1.02787739282089	0	0	0	0	0	0	0	0	0
chr4,150202744,150203053	0	0	-0.609441513619409	-0.75222384709188	0	-0.884961116845699	-0.718699937301758	0	0	0	0	0	0	0	0	0
chr5,140642114,140642421	0	0	-0.613029708611862	-0.843605393429429	0	-0.872914836285827	0	0	0	0	0	0	0	0	0	0
chr16,32189089,32189441	0	0	-0.62177920275138	-1.17494201424942	0	-0.663641924754175	-0.610220026867821	0	0	0	0	0	0	0	0	0
chr15,6555548,6555856	0	0	-0.598485314480438	-0.956580262530255	0	-0.599902834402409	-0.859747114904342	0	0	0	0	0	0	0	0	0
chr4,122848043,122848588	0	0	-0.727451274724186	-0.926126607110891	0	-0.812522403702678	-0.880375537480036	0	0	0	0	0	0	0	0	-0.623459099422718
chr3,27617752,27618115	0	0	-0.592511159495208	-0.611853259237437	0	0	-0.729590623557909	0	0	0	0	0	0	0	0	-0.797268477852275
chr7,139295708,139296052	0	0	-0.834310312863148	-0.82030312260439	0	0	0	0	0	0	0	0	0	0	0	0
chr17,71310484,71311110	0	0	-0.685635758705297	-0.720711593224073	0	0	0	0	0	0	0	0	0	0	0	-0.638173079265625
chr4,135069869,135070154	0	0	-0.629523825507498	-0.843934640012166	0	0	-0.600552411421564	0	0	0	0	0	0	0	0	0
chr14,30620072,30620553	0	0	-0.752031414930388	-0.629694737508596	0	0	-0.754031671885988	0	0	0	0	0	0	0	0	0
chr14,75195568,75195906	0	0	-0.937260497051561	-0.883716177831528	0	0	-0.862528260794242	0	0	0	0	0	0	0	0	0
chr17,80138826,80139122	0	0	-0.83263957384258	-0.771429707528963	0	0	0	0	0	0	0	0	0	0	0	0
chr13,5804383,5804959	0	0	-0.598418943809642	-0.853265349249724	0	-0.79683306487813	0	0	0	0	0	0	0	0	-0.680156271618379	0
chr15,59598937,59599217	0	0	-0.611617764434466	-0.822205796718766	0	-0.682546945697095	0	0	0	0	0	0	0	0	0	0
chr14,69089111,69089676	0	0	-0.637947995348014	-0.769267698214009	0	0	0	0	0	0	0	0	0	0	0	0
chr15,39770934,39771234	0	0	-0.59203752090022	-0.649765074017585	0	0	-0.753267937482713	0	0	0	0	0	0	0	0	0
chr7,126144421,126144710	0	0	-0.672938136378865	-0.60936722981708	0	-0.666058156382277	0	0	0	0	0	0	0	0	0	0
chr8,10006386,10006755	0	0	-0.753506687627174	-0.590891591839792	0	-0.711947137964381	0	0	0	0	0	0	0	0	0	0
chr15,101262566,101262861	0	0	-0.649581739852757	-0.693949507901745	0	0	0	0	0	0	0	0	0	0	0	0
chr3,27584539,27585078	0	0	-0.662011272437545	-0.75883082259593	0	0	0	0	0	0	0	0	0	0	0	0
chr12,112667759,112668287	0	0	-0.609044790794719	-0.650328821646884	0	-0.848281815295866	-0.617961670287871	0	0	0	0	0	0	0	0	0
chr7,102243936,102244224	0	0	-0.665351532490838	-0.828422761121578	0	-0.757666536882313	0	0	0	0	0	0	0	0	0	0
chr15,66746403,66746796	0	0	-0.766738341640905	-0.785890238656005	0	-0.814496021309983	-0.721594865750929	0	0	0	0	0	0	0	0	0
chr1,159186828,159187257	0	0	-0.764013067623516	-0.877438875673671	0	-0.788387666839715	-0.744962996822685	0	0	0	0	0	0	0	0	0
chr13,97187660,97188088	0	0	-0.748876336480351	-0.732101630985773	0	-0.832481087272812	-0.762787589647891	0	0	0	0	0	0	0	0	0
chr7,141016821,141017255	0	0	-0.825512162180554	-0.748592948445126	0	-0.816811223575271	-0.772428162490206	0	0	0	0	0	0	0	0	0
chr1,93071455,93071803	0	0	-0.777375496185917	-0.777533909177862	0	-0.895985365863113	-0.929019332405134	0	0	0	0	0	0	0	0	0
chr5,118404355,118404806	0	0	-0.676555660067784	-0.85005141392973	0	-0.83381910147564	-0.977107891403751	0	0	0	0	0	0	0	0	0
chr14,31166085,31166551	0	0	-0.728809044451584	-1.16174284301586	0	-0.758874602200009	-0.805316178643915	0	0	0	0	0	0	0	0	0
chr10,120163534,120163856	0	0	-0.759551957267705	-1.06928662364821	0	-1.14288752554296	-1.02197250544436	0	0	0	0	0	0	0	0	0
chr1,191269554,191269951	0	0	-0.774324840898889	-0.964236269105119	0	-0.888348810527335	-0.810513573290226	0	0	0	0	0	0	0	0	0
chr6,52955365,52955643	0	0	-0.774715442603228	-0.947458869430576	0	-0.934853382532097	-0.83932604943733	0	0	0	0	0	0	0	0	0
chr18,50082972,50083292	0	0	-0.918831104621078	-1.21703397714581	0	-0.936060583607349	-0.659996166713209	0	0	0	0	0	0	0	0	0
chr9,61349721,61350047	0	0	-0.754685649625814	-0.976618472327875	0	-0.956410401183859	-0.597046523718898	0	0	0	0	0	0	0	0	0
chr18,66467877,66468190	0	0	-0.839812444696163	-1.06059850057172	0	-0.783792804429194	-0.705357056836905	0	0	0	0	0	0	0	0	0
chr9,108999158,108999422	0	0	-0.664748665564192	-1.26719851272562	0	-0.935672365625567	0	0	0	0	0	0	0	0	0	0
chr11,96765528,96766016	0	0	-0.832677392466141	-0.996773379160683	0	-0.866644016418787	0	0	0	0	0	0	0	0	0	0
chr15,38384271,38385107	0	0	-0.612630692143861	-0.936420144352357	0	-0.962807825537665	0	0	0	0	0	0	0	0	0	0
chr15,59807768,59808091	0	0	-0.763796050675343	-0.876050761497099	0	-0.609351350110474	-0.664647400803816	0	0	0	0	0	-0.667830096624902	0	0	0
chr2,156324129,156324557	0	0	-0.825932861432553	-0.915690606698866	0	-1.01166988868123	0	0	0	0	0	0	0	0	0	0
chrX,142537600,142537950	0	0	-0.901637309209704	-1.10235091391414	0	0	0	0	0	0	0	0	0	0	0	0
chr19,12585318,12585695	0	0	-0.634987437456021	-1.08589622776449	0	-0.709130028462186	-0.776078677887803	0	0	0	0	0	0	0	0	0
chr8,84192019,84192373	0	0	-0.600815231273779	-0.962189316360419	0	-0.611878030655319	-0.984993353819813	0	0	0	0	0	0	0	0	0
chr13,100183159,100183472	0	0	-1.01523305012027	-0.769452354045088	0	0	-0.661065786499652	0	0	0	0	0	0	0	0	0
chr15,64242500,64242872	0	0	-0.856549443200024	-0.604696334145525	0	-0.712030732858832	-0.753901878394218	0	0	0	0	0	0	0	0	0
chr4,149173752,149173989	0	0	-1.0313631727961	-0.640707027257616	0	-0.626503699827305	-0.780616737703157	0	0	0	0	0	0	0	0	0
chr6,125333536,125333828	0	0	-1.1069493719036	-0.820200167935996	0	-0.847712657271856	-0.788859013701753	0	0	0	0	0	0	0	0	0
chr6,40576366,40576666	0	0	-1.10773166926758	-0.727466601467748	0	-0.76207921771621	-0.873973538536852	0	0	0	0	0	0	0	0	0
chr10,10457000,10457390	0	0	-1.10744140226404	-0.629124885570973	0	-0.760181946998695	-0.638713124388182	0	0	0	0	0	0	0	0	0
chr1,74375017,74375303	0	0	-0.888952832987039	-0.596157080544218	0	-0.81279372931607	-0.843439678777438	0	0	0	0	0	0	0	0	0
chr8,69012602,69012999	0	0	-1.00725687309047	-0.737644909757957	0	-0.806441544055254	-0.948603748164374	0	0	0	0	0	0	0	0	0
chr19,34515720,34516095	0	0	-0.868601092628377	-0.676142565842561	0	0	-0.855095338239955	0	0	0	0	0	0	0	0	0
chr13,95868883,95869146	0	0	-0.85471310434937	-0.771422919646929	0	-0.688884545428939	-0.683613772465707	0	0	0	0	0	0	0	0	0
chr2,11513068,11513549	0	0	-0.777292952431891	-0.687268083611964	0	-0.667196147319689	-0.635176599437252	0	0	0	0	0	0	0	0	0
chr5,135472449,135472767	0	0	-0.591282768010042	-0.769304644572293	0	-0.732257192386648	-0.811615702715439	0	0	0	0	0	0	0	0	0
chr12,17682182,17682509	0	0	-0.649893801418226	-0.695531402235627	0	-0.723075414824291	-0.820466006556285	0	0	0	0	0	0	0	0	0
chr15,27664034,27664456	0	0	-0.66338535251784	-0.697900733979863	0	-0.661981285675836	-0.704031261062159	0	0	0	0	0	0	0	0	0
chr3,121597239,121597533	0	0	-0.891053143617962	-0.83167618826744	0	0	-0.78998775230038	0	0	0	0	0	0	0	0	0
chr4,8888364,8888697	0	0	-0.938719200707708	-0.818478541414181	0	0	-0.869104322729139	0	0	0	0	0	0	0	0	0
chr2,101781298,101781659	0	0	-0.931866429986017	-0.827571946202973	0	-0.729737936111987	-0.861438201359694	0	0	0	0	0	0	0	0	0
chr17,71299927,71300235	0	0	-0.747382853013355	-0.695252669200127	0	-0.902386233486159	-0.983265848427251	0	0	0	0	0	0	0	0	0
chr2,129546734,129547189	0	0	-0.796851654266521	-0.942673427950784	0	-0.851096099965043	-0.852666864452881	0	0	0	0	0	0	0	0	0
chr4,126024447,126024861	0	0	-0.639153587009705	-0.711427009902036	0	0	-0.757742772525404	0	0	0	0	0	0	0	0	0
chr2,60901457,60901948	0	0	-0.700097237432702	-0.842396308475	0	-0.752629143653396	-0.818763575679105	0	0	0	0	0	0	0	0	0
chr3,122290792,122291038	0	0	-0.757553232592436	-0.823367782772716	0	-0.803549344762771	-0.68556458852598	0	0	0	0	0	0	0	0	0
chr1,128722053,128722476	0	0	-0.913444098212494	-0.713455046526491	0	0	-0.911506125311399	0	0	0	0	0	0	0	0	0
chr1,182908349,182908874	0	0	-0.590301967909822	-0.610309582723448	0	-0.717652983061314	-0.806460667037062	0	0	0	0	0	0	0	0	0
chr7,127008370,127009077	0	0	-0.708928816269634	-0.633623619183076	0	0	-0.842952464276776	0	0	0	0	0	-0.591817085841681	0	0	0
chr12,111437597,111438000	0	0	-0.592860926615234	-0.61699973768134	0	-0.60180418677839	-1.00114140838584	0	0	0	0	0	0	0	0	0
chr8,86888013,86888585	0	0	-0.641686653015628	-0.675503546332949	0	-0.772289816316848	-1.05709611659918	0	0	0	0	0	0	0	0	0
chr10,77266239,77266615	0	0	-0.819999297511259	-0.597895940712686	0	-0.802372573682541	-0.792037180478733	0	0	0	0	0	0	0	0	0
chr11,34072157,34072685	0	0	-0.881967040991209	-0.679861798990504	0	-0.986252021333009	-0.704572589552359	0	0	0	0	0	0	0	0	0
chr5,139287135,139287427	0	0	-0.770572437013253	-0.676399999264702	0	-0.916973048645844	-0.73350839187089	0	0	0	0	0	0	0	0	0
chr12,85348331,85348722	0	0	-0.706353766640884	-0.720310128177299	0	-0.737122490531036	-0.647445874462691	0	0	0	0	0	0	0	0	0
chr9,109914293,109914583	0	0	-0.695563253130714	-0.863062019402607	0	-0.697034092616204	-0.63144725374993	0	0	0	0	0	0	0	0	0
chr2,3664159,3664501	0	0	-0.819871898918041	-0.783860888972566	0	0	-0.906805712932817	0	0	0	0	0	0	0	0	0
chr5,149274833,149275133	0	0	-0.710153530913171	-0.668755272728824	0	-0.641750870949667	-0.981683294158748	0	0	0	0	0	0	0	0	0
chr5,4530123,4531236	0	0	-0.65125325161843	-0.785223202008423	0	-0.718848674780422	-1.09628827550158	0	0	0	0	0	0	0	0	0
chr17,26497392,26497988	0	0	-0.623793199243052	-0.891528211065662	0	-0.69917270679894	-1.04805789024689	0	0	0	0	0	0	0	0	0
chr8,121792133,121792545	0	0	-0.593589126425744	-0.696413723958359	0	0	-1.0070403108888	0	0	0	0	0	0	0	0	0
chr14,103058977,103059346	0	0	-0.664343040490665	-0.818091150039572	0	-0.697108883357425	-1.36684303631898	0	0	0	0	0	0	0	0	0
chr1,92972930,92973228	0	0	-0.640459860386779	-0.757381475130862	0	-0.797917936708846	-1.32810643706789	0	0	0	0	0	0	0	0	0
chr2,31052487,31052819	0	0	-0.783955093360395	-0.739282361658023	0	-0.731255573711597	-1.09490473339358	0	0	0	0	0	0	0	0	0
chr3,8969616,8969877	0	0	-0.765591124650368	-0.986200459485105	0	-0.664603688895207	-1.25079555293172	0	0	0	0	0	0	0	0	0
chr15,85233314,85233597	0	0	0.611402446406845	-0.592056422169987	0	0	0	0	0	0	0	0	0	-0.652356594577852	0	0
chr5,124614645,124615045	0	0	0.760259594601081	-1.11316250776104	0	-0.813054654876383	0	-0.697818896184128	0	0	0	0	0	0	0	0
chr1,60016114,60016687	0	0.848030055239499	0.749401547381731	-0.868424264621263	0.645562408711198	-0.669517692617538	0	0	0	0	0	0	0	0	0	0
chr8,25447987,25448262	0	0	0.728621271557611	-0.799118432856372	0.657235232300323	0	0	0	0	0	0	0	0	0	0	0
chr16,95303721,95304179	0	0	0.7219640921328	-0.840625474945565	0.717563421016728	-0.651031546095229	0	0	0	0	0	0	0	0	0	0
chr11,78771955,78772252	0	0	0.719570285984772	-0.912588822859354	0	0	0	0	0	0	0	0	0	0	0	0
chr5,143654738,143655212	0	0	0.677191157876791	-0.656427938447741	0	-0.903245596367151	0	0	0	0	0	0	0	0	0	0
chr15,81035562,81036096	0	0	0.621377649196751	-0.659698300224878	0.659793601654163	-0.791049019816347	0	0	0	0	0	0	0	0	0	0
chr17,17448702,17449205	0	0	1.05374927839095	-0.620840268205812	0.762266801117918	-0.861433208380778	0	0	0	0	0	0	0	0	0	0
chr18,69570217,69570756	0	0	0.616493851771665	-0.62264105639445	0	-0.824325855321362	0	0	0	0	0	0	0	0	0	0
chr5,139220522,139220942	0	0	0.638661452691731	-0.71601791444962	0.944057470512294	-0.775427682059822	0	0	0	0	0	0	0	0	0	0
chr8,105727350,105727947	0	0	0.612208953220962	-0.893097993690759	0.705478241223256	-0.819791006512483	0	0	0	0	0	0	0	0	0	0
chr13,108153052,108153299	0	0	-0.606839025909732	0.711863415581076	0	0.627191938131942	0	0	0	0	0	0	0	0	0	0
chr10,122886190,122886899	0	0	1.28378841769925	1.01602289435635	1.10520018342547	0	0	0	0	0	0	0	0	0	0	0
chr9,88746780,88746998	0	0	0.631633855896865	0.749654477864981	0	0	0	0	0	0	0	0	0	0	0	0
chr14,32482150,32482387	0	0	0	0	-0.673114712652262	0.596119369071722	0	0	0	0	0	0	0	0	0	0
chr13,69655482,69655758	0	0	0	0	-1.11183256101675	0.586196445015419	0	0	0	0	0	0	0	0	0	0
chr12,113981695,113981933	0	0	0	0	-0.688769256906394	0.639786667098508	0	0	0	0	0	0	0	0	0	0
chr17,45403298,45403527	0	0	0	0	-0.746365695829196	0.685220112207597	0	0	0	0	0	0	0	0	0	0
chr12,110398492,110398711	0	0	0	0	-0.961838200036414	0.659230005316775	0	0	0	0	0	0	0	0	0	0
chr13,108390633,108390885	0	0	0	0	-0.652090456764473	0.587884308520224	0	0	0	0	0	0	0	0	0	0
chr1,119675045,119675291	0	0	0	0	-0.7920347370574	0.690689999607185	0	0	0	0	0	0	0	0	0	-0.664009322553895
chr16,91081538,91081767	0	0	0	0	-0.683065287271335	0.66235097314426	0	0	0	0	0	0	0	0	0	0
chr7,75913996,75914241	0	0	0	0	-0.673251926598994	0.802370739023002	0	0	0	0	0	0	0	0	0	0
chr12,40082550,40082762	0	0	0	0	-0.899152940739291	0.873565342747356	0	0	0	0	0	0	0	0	0	0
chr7,121975138,121975340	0	0	0	0	-0.738696097799934	1.01318461723137	0	0	0	0	0	0	0	0	0	0
chr13,74341107,74341419	0	0	0	0	-0.626427783365166	0.611088544501411	0	0	0	0	0	0	0	0	0	0
chr14,100235760,100236100	0	0	0	0	-0.649755353168225	0.659250151530299	0	0	0	0	0	0	0	0	0	0
chr4,70451817,70452563	0	0	0	0	-0.587022600314067	0.630981578500001	0	0	0	0	0	0	0	0	0	0
chr14,70609684,70609912	0	0	0	0.685323452264916	-0.606927981200142	0.785841576721293	0	0	0	0	0	0	0	0	0	0
chr15,83483585,83483809	0	0	-0.612227221914582	0	-0.595124702282924	0.747984010523927	0	0	0	0	0	0	0	0	0	0
chr2,155848337,155848601	0	0	0	0	-0.719481050594757	0.654554215970367	0	0	0	0	0	0	0	0	0	0
chr14,31596504,31596783	0	0	0	0	-0.816108548993615	-0.773986662091647	0	0	0	0	0	0	0	0	0	0
chr3,105046830,105047267.1	0	0	-1.09966655065986	-0.796882899204693	-0.676453526736703	-0.765163129208753	-0.81343159702665	0	0	0	0	0	0	0	0	0
chr5,99214506,99214896.1	0	0	-0.867507339336836	-0.663096323723331	-0.613433250940231	-0.676921624416487	-0.677946006449168	0	0	0	0	0	0	0	0	0
chr13,112365873,112366125.1	0	0	-0.931992418163517	-1.03208582717853	-0.79604933742207	-0.738308880205587	0	0	0	0	0	0	0	0	0	0
chr2,145821994,145822346.1	0	0	-1.18227523839648	-0.743192157708255	-0.874015662627607	-0.792348784747217	0	0	0	0	0	0	0	0	0	0
chr11,80168635,80168887	0	0	0	0	-0.867529165746889	-0.707748833275557	-0.756448628907817	0	0	0	0	0	0	0	0	0
chr11,95729003,95729458	0	0	0	0	-0.637412793554478	-0.87441565998357	0	0	0	0	0	0	0	0	0	0
chr17,28247627,28247928	0	0	-0.67259368619399	0	-0.634883473485339	-0.621484260156899	0	0	0	0	0	0	0	0	0	0
chr11,119925218,119925570.1	0	0	-0.616973501394019	-1.01230619936598	-0.59363926467701	-1.01498747086878	-0.916480780626504	0	0	0	0	0	0	0	0	0
chr5,53402770,53403146.1	0	0	-0.737596769924165	-0.704396833506656	-0.609813528882437	-0.968795638913423	-0.727275874163325	0	0	0	0	0	0	0	0	0
chrX,77580022,77580327	0	0	0	-0.909438170873379	-0.692238839236289	-0.864990218582595	0.61244655587111	0	0	0	0	0	0	0	0.629218541772253	0
chr16,87324564,87324926	0	0	0	-1.13470041134052	-0.617409598297884	-0.804086937672611	0.689716505321812	0	0	0	0	0	0	0	0	0
chr12,104057027,104057483	0	0	0	-0.794152775676513	-0.65120736542871	-0.689028187362829	0	0	0	0	0	0	0	0	0	0
chr7,75787450,75787741	0	0	0	-0.787384301488047	-0.75546497937467	-0.703205170851161	0	0	0	0	0	0	0	0	0	0
chr5,9015400,9015736.1	0	0	-0.683967701771798	-0.915887284701769	-0.657782019700734	-0.72014728179236	0	0	0	0	0	0	0	0	0	0
chr15,78835162,78835660	0	0	0	-0.933583994153148	-0.763833527754173	-1.02541800678625	0	0	0	0	0	0	0	0	0	0
chr3,52198011,52198331	0	0	0	-0.951013722672372	-0.593900984951779	-0.91464535540022	0	0	0	0	0	0	0	0	0	0
chr11,100588460,100588836	0	0	0	-0.598686832176134	-0.63624003467155	-0.961788967793367	0	0	0	0	0	0	0	0	0	0
chr9,62510546,62510891	0	0	0	0	-0.664946943280186	-0.908861848218436	0	0	0	0	0	0	0	0	0	0
chr12,84762559,84762901	0	0	0	0	-0.648390980563271	-0.602251528794325	0	0	0	0	0	0	0	0	0	0
chr5,122994492,122994777	0	0	0	0	-0.625498375235679	-0.719307722693337	0	0	0	0	0	0	0	0	0	0
chr10,41530016,41530338	0	0	0	0	-0.916422487649359	-0.638816872925437	0	0	0	0	0	0	0	0	0	0
chr15,54920066,54920311	0	0	0	0	-1.09424209528184	-0.743382810051006	0	0	0	0	0	0	0	0	0	0
chr1,39469073,39469329	0	0	0	0	0.728122943804259	-0.613435712749041	-0.842306951768864	0	0	0	0	0	0	0	0	0
chr4,88438824,88439087	0	0	-0.957392244866376	0	0.591472648292811	-0.788096568034015	0	0	0	0	0	0	0	0	0	0
chr15,25287911,25288234	0	0	0	-0.59772793070535	0.64541820641396	-0.892566132119612	0	0	0	0	0	0	0	0	0	0
chr2,126618567,126619531	0	0	0	-0.665304356857615	0.633201025555957	-0.676453622411195	-0.690631214479592	0	0	0	0	0	0	0	0	0
chr18,80224326,80224636	0	0	0	-0.595624683463162	0.597123752932476	-0.58728846714096	0	0	0	0	0	0	0	0	0	0
chr2,46443133,46443612	0	0	0	0	0.608565388602512	-0.918956023885839	0	0	0	0	0	0	0	0	0	0
chr15,7136975,7137227	0	0	0	0	0.589553913322355	-0.731133670076259	0	0	0	0	0	0	0	0	0	0
chr4,134762427,134762725	0	0	0	0	0.604247657973497	-0.650877984986284	0	0	0	0	0	0	0	0	0	0
chr11,46666170,46666557	0	0	0	0	0.733401101107809	0.610455060470805	0	0	0	0	0	0	0	0	0	0
chr1,165320465,165320872	0	0	0	0	0.73630680625623	0.657439822515224	0	0	0	0	0	0	0	0	0	0
chr6,122491680,122491942	0	0	0	0	0.80694361131395	0.66951594556051	0	0	0	0	0	0	0	0	0	0
chr15,74931664,74931930	0	0	0	-1.01349780096397	0.650230138681807	-0.682346748577702	0	0	0	0	0	0	0	0	0	0
chr5,64410619,64411035	0	0	0	-1.30509333430758	0.613510466251717	-0.754100496988359	0	0	0	0	0	0	0	0	0	0
chr1,60652649,60653030	0	0	0	-0.69214208615798	0.640237626744599	-0.913637851466627	0	0	0	0	0	0	0	0	0	0
chr19,3923664,3923989	0	0	0	-0.698308589368228	0.836022311399065	-0.677177777821197	0	0	0	0	0	0	0	0	0	0
chr15,81035562,81036096.1	0	0	0.621377649196751	-0.659698300224878	0.659793601654163	-0.791049019816347	0	0	0	0	0	0	0	0	0	0
chr17,17448702,17449205.1	0	0	1.05374927839095	-0.620840268205812	0.762266801117918	-0.861433208380778	0	0	0	0	0	0	0	0	0	0
chr16,58476382,58476765	0	0	0	-0.839417308643921	0.605214566649968	-0.743713438517018	0	0	0	0	0	0	0	0	0	0
chr2,131127186,131127691	0	0	0	-0.623131247670685	0.607924221357856	-0.592487465430703	0	0	0	0	0	0	0	0	0	0
chr5,139220522,139220942.1	0	0	0.638661452691731	-0.71601791444962	0.944057470512294	-0.775427682059822	0	0	0	0	0	0	0	0	0	0
chr8,105727350,105727947.1	0	0	0.612208953220962	-0.893097993690759	0.705478241223256	-0.819791006512483	0	0	0	0	0	0	0	0	0	0
chrX,152172499,152172850	0	0	0.843542117157934	0	0.877677760992165	-0.667807638405164	0	0	0	0	0	0	0	0	0	0
chr15,84981902,84982158	0	0	0.60888330956523	0	0.677900508098827	-0.641665523503535	0	0	0	0	0	0	0	0	0	0
chr5,122760874,122761252	0	0	0	0	0.811133950700176	-0.669211309863306	0	0	0	0	0	0	0	0	0	-0.613966313520299
chr1,60016114,60016687.1	0	0.848030055239499	0.749401547381731	-0.868424264621263	0.645562408711198	-0.669517692617538	0	0	0	0	0	0	0	0	0	0
chr16,95303721,95304179.1	0	0	0.7219640921328	-0.840625474945565	0.717563421016728	-0.651031546095229	0	0	0	0	0	0	0	0	0	0
chr17,30131859,30132196	0	0	0.7872004621902	0	0.830980998725446	-0.676871578046338	0	0	0	0	0	0	0	0	0	0
chr17,28513871,28514186	0	0.717129949007692	0.709415752856945	0	0.971789734069065	-0.67420106147282	0	0	0	0	0	0	0	0	0	0
chr11,75636627,75636856	0	0	0	-0.765173291428026	0.598358676360165	-0.909463166271128	0	0	0	0	0	0	0	0	0	0
chr15,79751853,79752142	0	0	0	-0.627812962180804	0.635639914439496	-0.609122076578815	0	0	0	0	0	0	0	0	0	0
chr5,123025086,123025539	0	0	0	-0.745248663767606	0.658901929028148	-0.637944690613898	0	0	0	0	0	0	0	0	0	0
chr11,11886464,11886751	0	0	0	0	0.58642701664928	-0.793395833629851	0	0	0	0	0	0	0	0	0	0
chr19,21174096,21174453	0	0	0	0	0.641643277674823	-0.808182587977452	0	0	0	0	0	0	0	0	0	0
chr4,53269954,53270357	0	0	0	0	0.694880223867623	-0.614352392944921	0	0	0	0	0	0	0	0	0	0
chr19,34588185,34588659	0	0	0	-0.73811882866974	0.589351861397871	-0.833309835224697	0	0	0	0	0	0	0	0	0	0
chr19,58818710,58819341	0	0	0	-0.721436568614514	0.666616253521448	-1.1290827871015	0	0	0	0	0	0	0	0	0	0
chrX,75874880,75875376	0	0	0	0	0.626118298293425	-0.658102125677189	0	0	0	0	0	0	0	0	0	0
chr1,184771078,184771931	0	0	0	0	0.623434923108061	-0.77698442405895	0	0	0	0	0	0	0	0	0	0
chr12,75307972,75308984	0	0	0	-0.670154058125374	0.833917399217773	-0.73958474154549	0	0	0	0	0	0	0	0	0	0
chr2,93162728,93163150	0	0	0	0	0.634469977025642	-0.694887528973865	0	0	0	0	0	0	0	0	0	0
chr9,115489077,115489736	0	0	0	-0.656890607158116	0.690099375462406	-0.726341404398008	0	0	0	0	0	0	0	0	0	0
chr17,45618903,45619738	0	0	0	-0.901130710364204	0.754669741690406	-0.958000060853402	0	0	0	0	0	0	0	0	0	0
chr4,135911490,135911993	0	0	0	-0.762286941242546	0.593974448272621	-0.988398441330595	0	0	0	0	0	0	0	0	0	0
chr15,27724326,27724897	0	0	0	0	0	0	0.684300171592073	-0.621826439739688	0	0	0	0	0	0	0	0
chr16,84971983,84972424	0	0	0	-0.746677355843405	0	-0.701034196090764	0.958910896085859	-0.598832071010504	0	0	0	0	0	0	0	0
chr11,96468150,96468652	0	0	0	-0.860859858470831	0	-0.91754284886454	0.634724448278346	-0.841649754631275	0	0	0	0	0	0	0	0
chr16,97310462,97310784	0	0	0	-0.858381986059161	0	-0.821281533811358	0.769516450359528	-0.829521256460929	0	0	0	0	0	0	0	0
chr15,69079508,69079932	0	0	0	0	0	0	0.663198970920783	-0.72241626983712	0	0	0	0	0	0	0	0
chr15,55864460,55864805	0	0	0	0	0	-0.624173094077377	0.633225622343338	-0.640520460927253	0	0	0	0	0	0	0	0
chr18,12470379,12470816	0	0	0	0	0	0	0.729522632596184	-0.694456506017904	0	0	0	0	0	0	0	0
chr6,15626044,15626479	0	0	0	0	0	-0.855448260708557	0.679351349277141	-0.673179398605924	0	0	0	0	0	0	0	0
chr6,4923837,4924184	0	0	-0.690651045410498	0	0	0	1.42190822710314	-0.834386657191598	0	0	0	0	0	-0.678309657157329	0	-1.13596807867731
chrY,90811217,90813130	0.747061724920993	0	0	-0.832873994478713	0	0	1.73958811800125	-0.922968468801413	0	0	0	0	0	0	0	-0.91040827635596
chr4,156356746,156357324	0	0	0	-1.25924188029792	0	0	1.64705644529599	-0.727084577618456	0	0	0	0	0	0	0	0
chr8,125779007,125779256	0	0	0	-1.00582720034002	0	0	0.644738883039141	-0.745781068576667	0	0	0	0	0	0	0	0
chr11,54139968,54140715	0	0	0	-0.662100588568743	0	0	0.694202044350332	-0.617133876097437	0	0	0	0	0	0	0	0
chr1,183299095,183299630	0	0	0	0	0	0	0.666178829329004	-0.614769317690775	0	0	0	0	0	-0.835711430841226	0	-0.655425514729544
chr3,131111961,131112574	0	0	0	0	0	0	0.595014595071148	-0.585371701536054	0	0	0	0	0	0	0	0
chr1,58613882,58614094	0	0	0	0	0	0	0.774411325146215	-0.638062664532637	0	0	0	0	0	0	0	0
chr6,134876865,134877101	0	0	0	-0.724855683889916	0	0	0.7816259171372	-0.759195485548111	0	0	0	0	0	0	0	0
chr1,39578420,39578693	0	0	-0.687417176078712	0	0	0	-1.21357849018589	0.591488608109652	0	0	0	0	0	0	0	0
chr17,87405601,87405964	0	0	0	-0.658193942629147	0	0	-0.92911758210172	-0.626164258068097	0	0	0	0	0	0	0	0
chr14,62808676,62809001	0	0	0	-0.668376876151265	0	-0.930001670120163	-0.95750699970825	-0.86761497072608	0	0	0	0	0	0	0	0
chr9,41070752,41071219	0	0	0	0	0	-0.711650254231239	-0.618771274152649	-0.721008577786661	0	0	0	0	0	0	0	0
chr9,73089514,73089966	0	0	0	-0.667619614939393	0	-0.608402634413748	-0.951210529253916	-0.710232521491879	0	0	0	0	0	0	0	0
chr8,25090990,25091394	0	0	0	0	0	-0.773250313003671	-0.685416806959564	-0.750906036564752	0	0	0	0	0	0	0	0
chr15,57761258,57761622	0	0	0	0	0	-0.668466457288276	-0.665731328969444	-0.74668027539726	0	0	0	0	0	0	0	0
chr16,90994985,90995464	0	0	0	-0.606216963118048	0	-0.637205310302557	-0.622773090883741	-0.623241603648721	0	0	0	0	0	0	0	0
chr2,157063391,157063774	0	0	0	-1.02846549324464	0	0	-0.64058205313771	-0.600860798357843	0	0	0	0	0	0	0	0
chr11,103281773,103282142	0	0	0	-1.00273150410504	0	-0.658324588772458	-0.836500193162364	-0.606120334610112	0	0	0	0	0	0	0	0
chr12,98375296,98375881	0	0	0	-0.643881974996332	0	-0.78208867261424	-0.61706871195817	-0.610284092147278	0	0	0	0	0	0	0	0
chr2,26744327,26744677	0	0	0	0	0	-0.837408812564298	-0.595641971001243	-0.597470275097409	0	0	0	0	0	0	0	0
chr10,77964058,77964415	0	0	0	-0.812836480060723	0	-0.934323494024175	-0.969020827411346	-0.612077573254063	0	0	0	0	0	0	0	0
chr4,132247522,132247916	0	0	0	-0.63486187873002	0	-0.692332125111754	-0.671484287045103	-0.675677089930474	0	0	0	0	0	0	0	0
chr11,68502852,68503350	0	0	0	0	0	-0.619516371313231	-0.985885056907708	-0.589805939625329	0	0	0	0	0	0	0	0
chr7,135655193,135655538	0	0	0	0	0	-0.608394066656346	-0.87822214413861	-0.586702120667135	0	0	0	0	0	0	0	0
chrY,90807485,90807843	0.693534072721478	0	0	0	0	0	-0.682467934031168	-0.848628131123993	0	0	0	0	0	0	0	0
chr19,36925606,36926612	0	0	0	0	0	0	-0.635017515107643	-0.669651958479054	0	0	0	0	0	0	0	0
chr19,37375715,37376661	0	0	0	0	0	0	-0.598201026832156	-0.604121393586344	0	0	0	0	0	0	0	0
chr18,84103414,84103694	0	0	0	0	0	0	0.641930065858514	-0.611119332963741	0	0	0	0	0	0	0	0
chr4,3052911,3053170	0	0	0	0	0.657278187361179	0	0.595326463459864	-0.600747391007029	0	0	0	0	0	0	0	-0.775499660844016
chr4,3067712,3068100	0	0	0	0	0	0	0.650016360643176	-0.641940640388357	0	0	0	0	0	-1.21706141766946	0	-0.833134229425179
chr1,21333360,21334067	0	0	0	0	0	0	0.598936218985147	0.66735356940219	0	0	0	0	0	-0.686951532419273	0	0
chr5,134378869,134379171	0	0	0	0	0	0	1.00444567626169	-0.608636446384467	0	0	0	0	0	0	0	0
chrX,50602522,50603246	0	0	0	0	0	-0.653851200666771	0.637861620076783	-0.625874240036263	0	0	0	0	0	0	0	0
chr2,84504919,84505389	0	0	-0.868837055155989	0	0	0	0	0	0	0	1.01718005682658	0.992274597898071	0	0	0	0
chr16,3240915,3241331	0	0	0	0	0	0	0	-0.726637397832108	0	0	0	0	-0.651907039791769	-1.27447728178332	0	0
chr19,53824892,53825371	0	0	0	0	0	-0.613903767009376	0	0	0	0	-0.809037776954051	0	-0.745296809770184	-1.16932441979155	0	0
chr4,40735412,40735965	0	0	0	0	0	0	0	-0.688313404484695	0	0	0	0	0.704855443853618	0.928095680062058	0	0
chr9,86573066,86573275	0	0	0	0	0	0	0.595057928578781	0	0	0	0	0	0.587598294609059	0.608410812057615	0	0
chr2,166686981,166687455	0	0	0	0	0	0	0	-0.628578153788497	0	0	0	0	0.656688347757544	-0.733607471636123	0	0
chr1,13332578,13332869	0	0	0	0	0	0	0	-0.585854365082936	0	0	0	0	0.759901011007528	-0.597343765697281	0	0
chr17,83253090,83253405	0	0	0	0	0	0	0	0	0	0	0	0	0.820275708889502	-0.616953039384245	0	0
chr10,122105478,122106595	0	0	0	0	0	0	0	0	0	0	0	0	0.592750197540741	-0.61772250988218	0	0
chr7,109792815,109793042	0	0	0	0	0	0.613977313741541	0	0	0	0	0	0	0.591193957597112	-0.587559687047397	0	0
chrX,164066266,164066504	0	0	0	0	-0.62740182770146	0	0	0	0	0	0	0	0.615678976418317	-0.606937730481649	0	0
chr4,63553818,63554085	0	0	0	0	0	-0.714309485757287	-1.0903852953243	0	0	0	0	0.729201852018688	0	-0.630789547998626	-0.680274834150123	-0.650651237446257
chr16,91398112,91398498.1	0	0	-0.684183835082368	-0.803573256215787	0	-0.987385140464538	-1.4077038406446	0	0	0	0	0	0	0	-0.608727811785766	-0.62001509094633
chr5,90881665,90882067.1	0	0	-0.648027170266121	-0.740882845417209	0	0	-1.81022435813109	0	0	0	0	0	0	0	-0.59592400095273	-0.679531054452641
chr2,157567327,157567515	0	0	0	0	0	0	0	0	0	0	0	0	0	0	-0.754351248378063	-0.880985571089328
chr5,90903489,90903990	0	0	0	0	0	0	-1.31141591189918	0	0	0	0	0	0	0	-0.680762068476008	-0.749459862181402
chr8,122585431,122585891	0	0	0	0	0	0	0	0	0	0	0	0	0	-0.830162718857468	-0.601124705336094	-0.635444795768866
chr17,31834730,31834948	0	0	0	0	0	0	-0.919014089213716	0	0	0	0	0	0	0	-0.687992730282266	-0.643822835057143
chr6,51641986,51642395	0	0	0	0	0	0	0	0	0	0	0	0	0	0	-0.626662373031286	-0.701741861837359
chr1,21014537,21014811	0	0	-0.80156880924203	0	0	0	-0.948834034579925	0	0	0	0	0	0	0	-0.656709201145492	-1.18816939492144
chr15,36688337,36688724	0	0	0	0	0	0	0	0	0	0	0	0	0	0	-0.842809806278614	-1.18284439452752
chr5,32195875,32196313	0	0	0	0	0	0	0	0	0	0	0	0	0	0	-0.745667889177989	-0.703502229470583
chr11,3122144,3122386	0	0	0	0	0	0	0	-0.645058282521217	0	0	0	0	0	0	-0.713498553229571	-0.653842531825935
chr1,88304315,88304676	0	0	0	0	0	0	0	0	0	0	0	0	0	-1.3543135739205	-0.642204772940296	-0.742685062057497
chr13,113031844,113032284	0	0	0	0	0	0	0	0	0	0	0	0	0	0	0.715772852489256	-0.688936125405924
chr15,78481319,78481775	0	0	0	0	0	0	0	0	0	0	0	0	0	-0.619545541456851	0.663564544110687	-0.706495171490062
chr11,78453776,78454005	0	0	0	0	0	0	0	0	0	0	0	0	0	0	0.637365550013092	-0.663999866223445
chr5,77029827,77030047	0	0	0	0	0	0.729677470702239	0	0	0	0	0	0	0	0	0.653250949655707	-0.648707842588559
